10 0.000312
11 0.000305
12 0.000295
13 0.00033
14 0.000406
15 0.00048
16 0.000627
17 0.000731
18 0.000777
19 0.000943
20 0.001058
21 0.001264
22 0.001434
23 0.001585
24 0.001762
25 0.001999
26 0.00217
27 0.002518
28 0.002691
29 0.003018
30 0.003375
31 0.00368
32 0.00398
33 0.004394
34 0.004759
35 0.005176
36 0.005546
37 0.005967
38 0.006469
39 0.006986
40 0.007747
41 0.008241
42 0.008595
43 0.009396
44 0.009868
45 0.01038
46 0.011152
47 0.011793
48 0.013116
49 0.013369
50 0.014424
51 0.015307
52 0.016042
53 0.016912
54 0.018211
55 0.018763
56 0.020218
57 0.021023
58 0.022081
59 0.023113
60 0.02449
61 0.025413
62 0.027037
63 0.028313
64 0.029555
65 0.031084
66 0.032263
67 0.033584
68 0.035426
69 0.036245
70 0.03827
71 0.039814
72 0.041904
73 0.043282
74 0.045228
75 0.048114
76 0.049312
77 0.050851
78 0.052013
79 0.054795
80 0.056911
81 0.060057
82 0.061283
83 0.063863
84 0.065497
85 0.069743
86 0.070634
87 0.073333
88 0.075605
89 0.077812
90 0.080009
91 0.083571
92 0.08597
93 0.090029
94 0.091535
95 0.094584
96 0.097425
97 0.100889
98 0.103904
99 0.107205
100 0.111243
101 0.114413
102 0.117877
103 0.119992
104 0.124835
105 0.127518
106 0.131814
107 0.133937
108 0.138888
109 0.143094
110 0.145375
111 0.151042
112 0.154484
113 0.158809
114 0.165285
115 0.167609
116 0.171854
117 0.176929
118 0.183009
119 0.190322
120 0.189838
121 0.195793
122 0.199532
123 0.205688
124 0.210226
125 0.215041
126 0.221022
127 0.226468
128 0.230929
129 0.236872
130 0.242207
131 0.248752
132 0.253694
133 0.260559
134 0.266128
135 0.271355
136 0.276983
137 0.283508
138 0.288733
139 0.296248
140 0.303245
141 0.310171
142 0.317186
143 0.327281
144 0.33126
145 0.335034
146 0.344287
147 0.351437
148 0.357201
149 0.364763
150 0.371615
151 0.379235
152 0.388434
153 0.396596
0 0
1 0
2 0
3 0
4 0
5 0
6 0
7 0
8 0
9 0
154 0.406239
155 0.412441
156 0.421161
157 0.427082
158 0.437104
159 0.45078
160 0.456187
161 0.466662
162 0.469285
163 0.479592
164 0.489746
165 0.495729
166 0.506824
167 0.516251
168 0.523747
169 0.533775
170 0.542393
171 0.556278
172 0.563328
173 0.579473
174 0.578767
175 0.591033
176 0.601144
177 0.614457
178 0.622603
179 0.633353
180 0.641066
181 0.655902
182 0.66103
183 0.673917
184 0.685763
185 0.694276
186 0.704462
187 0.721507
188 0.729996
189 0.73892
190 0.748901
191 0.773262
192 0.781867
193 0.789278
194 0.802441
195 0.819802
196 0.838443
197 0.843767
198 0.863263
199 0.874099
200 0.898854
201 0.898765
202 0.903182
203 0.915082
204 0.940001
205 0.942185
206 0.972313
207 0.987196
208 0.987962
209 1.00682
210 1.02029
