0.790673
1.58153
2.36957
3.15091
3.94112
4.73035
5.51245
6.32283
7.15907
7.94555
8.73785
9.54651
10.39
11.178
11.9665
12.8071
13.6535
14.4473
15.2346
16.0175
16.8229
17.6357
18.4442
19.2652
20.1067
20.9573
21.7674
22.5958
23.4023
24.2365
25.075
25.905
26.7138
27.5214
28.333
29.1404
29.9496
30.7589
31.5682
32.3746
33.1838
33.9936
34.8024
35.6145
36.4217
37.227
38.0329
38.8398
39.6459
40.4555
41.276
42.102
42.9204
43.7575
44.5854
45.4396
46.2821
47.1348
47.9791
48.8535
49.6789
50.5512
51.4055
52.2597
53.1134
53.9544
54.8127
55.647
56.4942
57.3517
58.1887
59.0314
59.8707
60.701
61.5416
62.3739
63.2108
64.0637
64.9054
65.7458
66.5897
67.4218
68.2575
69.0996
69.9402
70.7833
71.6146
72.4538
73.3156
74.1631
74.98
75.7878
76.6029
77.4163
78.2327
79.0471
79.8638
80.6767
81.4926
82.3039
83.14
83.9501
84.7493
85.5503
86.3377
87.1247
87.9162
88.7036
89.4921
90.2827
91.0669
91.8541
92.6421
93.4289
94.2143
94.9992
95.7833
96.5673
97.3554
98.1393
98.9249
99.7116
100.499
101.283
102.071
102.859
103.642
104.43
105.215
106.003
106.787
107.573
108.361
109.148
109.937
110.724
111.507
112.298
113.087
113.883
114.673
115.464
116.256
117.044
117.833
118.625
119.415
120.204
120.994
121.781
122.57
123.356
124.143
124.931
125.717
126.503
127.291
128.075
128.863
129.648
130.432
131.215
132.001
132.787
133.575
134.363
135.149
135.932
136.717
137.504
138.291
139.074
139.862
140.645
141.43
142.218
143.006
143.789
144.575
145.362
146.149
146.936
147.727
148.514
149.304
150.094
150.885
151.675
152.464
153.25
154.047
154.834
155.625
156.411
157.198
157.985
158.769
159.557
160.343
161.131
161.918
162.704
163.489
164.275
165.058
165.851
166.64
167.43
168.213
168.998
169.785
170.573
171.361
172.146
172.934
173.721
174.505
175.293
176.082
176.869
177.656
178.441
179.226
180.016
180.805
181.591
182.376
183.166
183.959
184.75
185.542
186.338
187.128
187.921
188.712
189.505
190.297
191.089
191.877
192.664
193.45
194.24
195.026
195.814
196.602
197.389
198.174
198.961
199.75
200.539
201.326
202.115
202.901
203.686
204.474
205.262
206.049
206.837
207.626
208.413
209.201
209.988
210.777
211.563
212.349
213.135
213.921
214.707
215.492
216.28
217.068
217.856
218.653
219.445
220.235
221.028
221.823
222.614
223.405
224.197
224.99
225.78
226.572
227.365
228.154
228.938
229.726
230.513
231.297
232.085
232.873
233.662
234.45
235.239
236.022
236.81
237.597
238.383
239.172
239.955
240.743
241.53
242.316
243.102
243.885
244.672
245.456
246.244
247.031
247.818
248.605
249.392
250.18
250.964
251.753
252.537
253.327
254.113
254.907
255.698
256.484
257.275
258.061
258.856
259.647
260.436
261.225
262.016
262.803
263.59
264.373
265.162
265.948
266.735
267.518
268.306
269.089
269.876
270.662
271.449
272.238
273.024
273.813
274.597
275.386
276.172
276.962
277.745
278.534
279.32
280.118
280.903
281.69
282.481
283.266
284.054
284.84
285.628
286.412
287.195
287.984
288.771
289.559
290.346
291.135
291.929
292.716
293.502
294.287
295.08
295.866
296.657
297.446
298.236
299.023
299.812
300.595
301.383
302.167
302.954
303.744
304.531
305.316
306.104
306.89
307.675
308.459
309.246
310.035
310.821
311.608
312.396
313.179
313.962
314.751
315.539
316.326
317.11
317.893
318.682
319.465
320.251
321.038
321.824
322.61
323.399
324.183
324.966
325.758
326.55
327.339
328.129
328.943
329.736
330.53
331.32
332.111
332.9
333.691
334.485
335.273
336.059
336.842
337.625
338.413
339.198
339.985
340.77
341.557
342.341
343.126
343.914
344.699
345.483
346.273
347.059
347.843
348.627
349.414
350.201
350.985
351.771
352.554
353.338
354.121
354.908
355.693
356.48
357.267
358.055
358.841
359.625
360.41
361.204
361.991
362.778
363.568
364.361
365.15
365.937
366.731
367.523
368.313
369.108
369.898
370.685
371.47
372.256
373.048
373.832
374.616
375.4
376.187
376.979
377.766
378.549
379.338
380.121
380.906
381.692
382.477
383.261
384.045
384.831
385.614
386.399
387.184
387.97
388.755
389.54
390.327
391.114
391.901
392.689
393.473
394.259
395.043
395.829
396.619
