0.008048
0.016318
0.024114
0.03189
0.040072
0.048388
0.056319
0.064864
0.073645
0.081571
0.089657
0.097689
0.105634
0.114489
0.12363
0.133466
0.141482
0.150067
0.157963
0.166631
0.174493
0.185225
0.194747
0.203909
0.212465
0.221239
0.230359
0.2392
0.247412
0.255947
0.265168
0.273558
0.282086
0.290993
0.299566
0.308781
0.31736
0.325867
0.335073
0.344045
0.353028
0.362158
0.370946
0.379925
0.389399
0.397649
0.406343
0.41581
0.424172
0.432433
0.44179
0.450029
0.459305
0.468435
0.477379
0.487304
0.496353
0.504753
0.513997
0.522584
0.53147
0.540448
0.548845
0.557177
0.565556
0.574511
0.583717
0.5943
0.603144
0.611432
0.619903
0.628113
0.636753
0.64508
0.653479
0.662855
0.671258
0.679735
0.688183
0.696946
0.705479
0.714706
0.723305
0.731939
0.740482
0.749488
0.759011
0.768892
0.777896
0.787561
0.795704
0.804158
0.812442
0.821202
0.83006
0.838575
0.84694
0.85642
0.865069
0.874145
0.882503
0.890807
0.898995
0.906845
0.914607
0.922462
0.930236
0.93806
0.945842
0.953783
0.961731
0.969564
0.977418
0.985252
0.993129
1.00095
1.00881
1.01667
1.02455
1.03246
1.04025
1.04806
1.05591
1.06374
1.07153
1.07942
1.08725
1.0951
1.10291
1.11086
1.11871
1.12652
1.13429
1.14209
1.14987
1.15773
1.16574
1.17389
1.18186
1.19091
1.19891
1.20685
1.21475
1.22274
1.23074
1.23871
1.24667
1.25491
1.26269
1.27052
1.27832
1.28612
1.2939
1.3018
1.30959
1.31748
1.32536
1.33317
1.34099
1.34888
1.3567
1.36455
1.37232
1.3802
1.388
1.3958
1.40375
1.41158
1.41938
1.4272
1.43496
1.44279
1.45078
1.45859
1.46644
1.47427
1.48225
1.49013
1.4979
1.50574
1.51352
1.52163
1.52977
1.5377
1.54591
1.5539
1.56181
1.56986
1.57772
1.58579
1.59374
1.60212
1.61009
1.6179
1.62571
1.63355
1.64133
1.64914
1.65691
1.66481
1.67284
1.68065
1.68842
1.69625
1.70407
1.71188
1.71971
1.72752
1.73531
1.7433
1.75108
1.75888
1.76663
1.77449
1.78229
1.7901
1.79788
1.80569
1.81356
1.82139
1.82916
1.83699
1.84485
1.8527
1.86049
1.86831
1.87607
1.88399
1.89204
1.89992
1.90782
1.9158
1.92532
1.93331
1.94122
1.94921
1.9572
1.96518
1.97299
1.98083
1.9886
1.99642
2.0042
2.01206
2.01993
2.02775
2.03554
2.04336
2.05115
2.05898
2.06676
2.07458
2.08239
2.09021
2.09805
2.10586
2.11364
2.12145
2.12923
2.13704
2.14487
2.15267
2.16053
2.16836
2.17615
2.18402
2.19181
2.19974
2.20754
2.21534
2.22312
2.23099
2.23907
2.24737
2.25551
2.26355
2.27152
2.27948
2.2876
2.29568
2.30367
2.31164
2.31971
2.32759
2.33535
2.34316
2.35095
2.35886
2.36664
2.37448
2.3823
2.39016
2.39797
2.40589
2.41376
2.42161
2.42938
2.43725
2.44504
2.45287
2.46071
2.46854
2.47631
2.48413
2.4919
2.49971
2.5075
2.51539
2.52326
2.53109
2.53886
2.54669
2.55445
2.56227
2.57004
2.57785
2.58562
2.59381
2.60203
2.61023
2.61811
2.62622
2.63423
2.64215
2.65004
2.65812
2.6661
2.67409
2.68255
2.69036
2.69813
2.70606
2.71384
2.72176
2.72955
2.73738
2.74515
2.75296
2.76093
2.76874
2.77651
2.78447
2.79224
2.80016
2.80801
2.81583
2.82361
2.83142
2.83926
2.84711
2.85487
2.86269
2.87058
2.87849
2.88626
2.89413
2.90201
2.90986
2.91773
2.92554
2.93336
2.9412
2.94929
2.95742
2.96538
2.97321
2.98108
2.98889
2.99694
3.0049
3.01283
3.02084
3.0292
3.03717
3.04495
3.05277
3.06054
3.06838
3.07616
3.08404
3.09183
3.09963
3.1074
3.11519
3.12297
3.13084
3.13862
3.14643
3.1542
3.16201
3.16984
3.17768
3.18547
3.19338
3.20117
3.20898
3.21676
3.22463
3.23243
3.24023
3.248
3.25581
3.26358
3.27141
3.27932
3.28714
3.29493
3.30283
3.31079
3.31896
3.32682
3.33472
3.34375
3.35183
3.35969
3.36762
3.3758
3.38374
3.39159
3.39951
3.40729
3.4151
3.42287
3.43067
3.43844
3.44638
3.45419
3.46201
3.46988
3.47768
3.48548
3.49341
3.5012
3.50905
3.51682
3.52475
3.53253
3.54044
3.54821
3.55608
3.56385
3.57167
3.57951
3.5874
3.59528
3.60314
3.61093
3.61883
3.62662
3.63445
3.64235
3.65022
3.658
3.66607
3.67421
3.68232
3.69041
3.69849
3.7065
3.71454
3.72244
3.73029
3.7382
3.74627
3.75408
3.76194
3.76977
3.77762
3.78539
3.79327
3.80105
3.80891
3.81668
3.82449
3.83226
3.84006
3.84784
3.8557
3.86348
3.87138
3.87917
3.8871
3.89486
3.90267
3.91058
3.91845
3.92623
3.93414
3.94195
3.94984
3.95771
3.96551
3.97329
3.9811
3.98888
3.99683
4.00468
4.01249
4.02034
