0 0
1 0
2 0
3 0
4 0
5 0
6 0
7 0
8 0
9 0
10 3.5e-05
11 3.3e-05
12 4e-05
13 5e-05
14 6.2e-05
15 7.3e-05
16 8.8e-05
17 0.000104
18 0.000121
19 0.000141
20 0.000118
21 0.000124
22 0.000142
23 0.000161
24 0.000183
25 0.000215
26 0.000229
27 0.000256
28 0.000283
29 0.000348
30 0.000393
31 0.000426
32 0.000467
33 0.000454
34 0.000495
35 0.000538
36 0.000657
37 0.000647
38 0.000686
39 0.000741
40 0.000895
41 0.000854
42 0.000918
43 0.000976
44 0.001044
45 0.001115
46 0.001313
47 0.001351
48 0.001345
49 0.001523
50 0.001518
51 0.001706
52 0.001754
53 0.002028
54 0.001897
55 0.002003
56 0.002111
57 0.002372
58 0.00239
59 0.002535
60 0.002586
61 0.002719
62 0.002995
63 0.003191
64 0.00334
65 0.003455
66 0.003476
67 0.003646
68 0.003741
69 0.00422
70 0.004113
71 0.004353
72 0.004427
73 0.004638
74 0.004798
75 0.005063
76 0.005246
77 0.005579
78 0.00587
79 0.005953
80 0.006249
81 0.006271
82 0.006558
83 0.006734
84 0.007149
85 0.007732
86 0.007922
87 0.008068
88 0.008238
89 0.008502
90 0.008612
91 0.008895
92 0.009257
93 0.009647
94 0.010182
95 0.010078
96 0.010371
97 0.011064
98 0.01139
99 0.011606
100 0.012018
101 0.01236
102 0.012802
103 0.012966
104 0.013723
105 0.013575
106 0.01438
107 0.014355
108 0.014998
109 0.015505
110 0.015939
111 0.016318
112 0.016674
113 0.016952
114 0.017807
115 0.017885
116 0.018572
117 0.019064
118 0.019377
119 0.019845
120 0.0204
121 0.021241
122 0.021699
123 0.023196
124 0.022748
125 0.023276
126 0.026968
127 0.024432
128 0.024793
129 0.025336
130 0.026008
131 0.02672
132 0.027322
133 0.028215
134 0.02858
135 0.029232
136 0.029928
137 0.030649
138 0.03109
139 0.031941
140 0.032471
141 0.033026
142 0.033776
143 0.034657
144 0.035081
145 0.035876
146 0.036565
147 0.038551
148 0.038223
149 0.039059
150 0.039759
151 0.040558
152 0.041264
153 0.0421
154 0.042844
155 0.044218
156 0.044615
157 0.045871
158 0.04639
159 0.047598
160 0.048102
161 0.048893
162 0.049815
163 0.051115
164 0.051943
165 0.05255
166 0.053758
167 0.055131
168 0.055939
169 0.056974
170 0.058074
171 0.058618
172 0.060391
173 0.060734
174 0.062179
175 0.062959
176 0.064181
177 0.065362
178 0.066283
179 0.067826
180 0.069603
181 0.06971
182 0.07075
183 0.071995
184 0.073159
185 0.074214
186 0.075455
187 0.077059
188 0.077669
189 0.079613
190 0.080516
191 0.082478
192 0.083193
193 0.084986
194 0.085641
195 0.087171
196 0.087889
197 0.090097
198 0.09121
199 0.092417
200 0.093744
201 0.095327
202 0.096771
203 0.097782
204 0.099417
205 0.10108
206 0.102359
207 0.103954
208 0.105284
209 0.107179
210 0.108232
211 0.110014
212 0.110878
213 0.113076
214 0.114831
215 0.116676
216 0.117577
217 0.120583
218 0.121368
219 0.123459
220 0.125607
221 0.12657
222 0.128301
223 0.134147
224 0.139217
225 0.135757
226 0.13787
227 0.142004
228 0.141154
229 0.150703
230 0.148017
231 0.147243
232 0.148707
233 0.149156
234 0.154121
235 0.159799
236 0.160361
237 0.163912
238 0.166692
239 0.16191
240 0.164784
241 0.16558
242 0.174489
243 0.178271
244 0.183909
245 0.177775
246 0.180005
247 0.179333
248 0.179869
249 0.181575
250 0.184367
251 0.185633
252 0.189099
253 0.190742
254 0.195115
255 0.200534
256 0.197298
257 0.199532
258 0.201953
259 0.205051
260 0.207244
261 0.209482
262 0.213026
263 0.214466
264 0.217065
265 0.219561
266 0.221383
267 0.223969
268 0.228572
269 0.231295
270 0.231189
271 0.241727
272 0.231731
273 0.246755
274 0.236293
275 0.236051
276 0.239968
277 0.243627
278 0.247397
279 0.249241
280 0.261185
281 0.256274
282 0.256848
283 0.258033
284 0.262984
285 0.27087
286 0.266519
287 0.269285
288 0.272756
289 0.277657
290 0.280558
291 0.287033
292 0.287063
293 0.287748
294 0.294733
295 0.291655
296 0.306357
297 0.298006
298 0.308063
299 0.309546
300 0.306341
301 0.314199
302 0.325336
303 0.325477
304 0.32013
305 0.325143
306 0.326457
307 0.337864
308 0.333828
309 0.33644
310 0.34481
311 0.346294
312 0.347869
313 0.349977
314 0.361194
315 0.357215
316 0.361586
317 0.385086
318 0.37047
319 0.372479
320 0.376493
321 0.392433
322 0.38428
323 0.385017
324 0.39111
325 0.401237
326 0.402762
327 0.406026
328 0.414572
329 0.413972
330 0.416842
331 0.433318
332 0.425823
333 0.4282
334 0.430874
335 0.436888
336 0.440864
337 0.445048
338 0.449826
339 0.45513
340 0.455248
341 0.456075
342 0.466584
343 0.466603
344 0.468608
345 0.477313
346 0.48013
347 0.484461
348 0.4865
349 0.491765
350 0.494652
351 0.498839
352 0.501542
353 0.50463
354 0.50875
355 0.514329
356 0.516226
357 0.520506
358 0.523423
359 0.537184
360 0.552563
361 0.557884
362 0.562305
363 0.570844
364 0.561577
365 0.574581
366 0.580873
367 0.585858
368 0.589319
369 0.59476
370 0.599099
371 0.603263
372 0.609926
373 0.613774
374 0.621096
375 0.620174
376 0.631101
377 0.63673
378 0.640345
379 0.645596
380 0.650518
381 0.655957
382 0.664239
383 0.668457
384 0.672201
385 0.676984
386 0.681925
387 0.691571
388 0.690397
389 0.69779
390 0.708575
391 0.718844
392 0.727419
393 0.733891
394 0.740548
395 0.74599
396 0.746972
397 0.759668
398 0.756248
399 0.754475
400 0.759481
401 0.767796
402 0.772497
403 0.777892
404 0.781869
405 0.788281
406 0.805261
407 0.805887
408 0.825955
409 0.826106
410 0.83204
411 0.828501
412 0.835699
413 0.849959
414 0.844178
415 0.845299
416 0.829935
417 0.839296
418 0.844616
419 0.855276
420 0.856088
421 0.877667
422 0.869501
423 0.877858
424 0.899864
425 0.899839
426 0.898278
427 0.910309
428 0.924532
429 0.928184
430 0.930656
431 0.962134
432 0.994849
433 0.983374
434 0.976574
435 1.00938
436 0.981283
437 0.995407
438 0.997537
439 1.01097
440 1.01232
441 1.01736
442 1.02339
443 1.03723
444 1.04611
445 1.05059
446 1.05767
447 1.06495
448 1.07592
449 1.07305
450 1.07899
451 1.08887
452 1.09127
453 1.11069
454 1.14949
455 1.12028
456 1.12969
457 1.13113
458 1.17665
459 1.16793
460 1.16806
461 1.18253
462 1.17889
463 1.18092
464 1.18961
465 1.18287
466 1.20417
467 1.19023
468 1.1643
469 1.17822
470 1.2229
471 1.18393
472 1.20897
473 1.2297
474 1.21708
475 1.26938
476 1.23061
477 1.23673
478 1.26
479 1.2742
480 1.2838
481 1.2738
482 1.29736
483 1.36164
484 1.28821
485 1.30438
486 1.35606
487 1.3058
488 1.36518
489 1.37678
490 1.38367
491 1.40348
492 1.44831
493 1.41901
494 1.47466
495 1.42642
496 1.41428
497 1.48349
498 1.49078
499 1.49533
500 1.50578
501 1.51304
502 1.47063
503 1.463
504 1.49625
505 1.47511
506 1.52809
507 1.4963
508 1.53484
509 1.50068
