0 0
1 0
2 0
3 0
4 0
5 0
6 0
7 0
8 0
9 0
10 8e-05
11 3e-05
12 3.2e-05
13 4.1e-05
14 4.5e-05
15 5.3e-05
16 6.6e-05
17 7.4e-05
18 8.4e-05
19 9.6e-05
20 0.00011
21 8.3e-05
22 9.3e-05
23 0.000104
24 0.000131
25 0.00013
26 0.000164
27 0.00016
28 0.000176
29 0.000192
30 0.000211
31 0.000233
32 0.000279
33 0.000274
34 0.000332
35 0.000321
36 0.000351
37 0.000381
38 0.000402
39 0.000433
40 0.000501
41 0.000526
42 0.000531
43 0.000568
44 0.000606
45 0.000646
46 0.000738
47 0.000832
48 0.000783
49 0.000845
50 0.001108
51 0.000977
52 0.000971
53 0.001028
54 0.001124
55 0.001202
56 0.001339
57 0.001295
58 0.001407
59 0.001384
60 0.001519
61 0.001582
62 0.001607
63 0.001776
64 0.001975
65 0.001831
66 0.001915
67 0.002018
68 0.002115
69 0.002291
70 0.002312
71 0.00237
72 0.002456
73 0.002795
74 0.002779
75 0.002814
76 0.002934
77 0.003047
78 0.003376
79 0.003376
80 0.003582
81 0.003448
82 0.00362
83 0.004088
84 0.00404
85 0.004014
86 0.004144
87 0.004399
88 0.004443
89 0.004671
90 0.004961
91 0.004949
92 0.005185
93 0.005197
94 0.005404
95 0.005718
96 0.005716
97 0.005826
98 0.006307
99 0.00646
100 0.006444
101 0.006566
102 0.007358
103 0.007342
104 0.007329
105 0.00785
106 0.007832
107 0.008304
108 0.008337
109 0.008341
110 0.008657
111 0.009061
112 0.009203
113 0.009335
114 0.009884
115 0.01023
116 0.010664
117 0.010442
118 0.010608
119 0.011052
120 0.011441
121 0.011484
122 0.011686
123 0.011941
124 0.01225
125 0.012764
126 0.012677
127 0.013154
128 0.013493
129 0.014013
130 0.013884
131 0.014286
132 0.014473
133 0.015289
134 0.015499
135 0.015887
136 0.016203
137 0.016092
138 0.016748
139 0.016943
140 0.017264
141 0.017723
142 0.018213
143 0.018582
144 0.018802
145 0.019043
146 0.019974
147 0.020081
148 0.020548
149 0.02075
150 0.021552
151 0.022024
152 0.022085
153 0.022808
154 0.022817
155 0.023579
156 0.024032
157 0.02448
158 0.024918
159 0.025095
160 0.025787
161 0.026447
162 0.026999
163 0.02728
164 0.027777
165 0.028381
166 0.028767
167 0.029332
168 0.029811
169 0.030573
170 0.030733
171 0.031561
172 0.032114
173 0.032652
174 0.033094
175 0.033733
176 0.034165
177 0.035578
178 0.035458
179 0.036099
180 0.037275
181 0.037097
182 0.038201
183 0.038291
184 0.038978
185 0.039695
186 0.040327
187 0.040995
188 0.041469
189 0.04224
190 0.042897
191 0.043941
192 0.044622
193 0.045053
194 0.045355
195 0.046193
196 0.047184
197 0.047972
198 0.048516
199 0.049316
200 0.049749
201 0.050562
202 0.05123
203 0.052231
204 0.053679
205 0.053817
206 0.054441
207 0.055187
208 0.056169
209 0.056852
210 0.057867
211 0.060204
212 0.059565
213 0.060365
214 0.060705
215 0.061562
216 0.062642
217 0.063579
218 0.064685
219 0.065525
220 0.066345
221 0.066979
222 0.068093
223 0.068864
224 0.071013
225 0.073831
226 0.073264
227 0.073955
228 0.076484
229 0.077385
230 0.077367
231 0.080038
232 0.076361
233 0.079507
234 0.081114
235 0.086355
236 0.088183
237 0.085276
238 0.085382
239 0.088704
240 0.092438
241 0.089664
242 0.091902
243 0.092548
244 0.096593
245 0.094561
246 0.092953
247 0.093965
248 0.095999
249 0.096441
250 0.098003
251 0.099056
252 0.101249
253 0.101008
254 0.102998
255 0.104115
256 0.104557
257 0.106268
258 0.107492
259 0.108601
260 0.11209
261 0.111189
262 0.11265
263 0.11404
264 0.115162
265 0.116425
266 0.117519
267 0.120021
268 0.121961
269 0.122674
270 0.123417
271 0.124169
272 0.127264
273 0.130483
274 0.129469
275 0.13046
276 0.132206
277 0.132951
278 0.134578
279 0.137252
280 0.138484
281 0.138806
282 0.140935
283 0.142343
284 0.14433
285 0.145676
286 0.147803
287 0.148631
288 0.149746
289 0.151921
290 0.153022
291 0.155576
292 0.157116
293 0.157509
294 0.16138
295 0.161075
296 0.162683
297 0.16382
298 0.165457
299 0.167471
300 0.168816
301 0.170896
302 0.173832
303 0.174844
304 0.176338
305 0.177644
306 0.178604
307 0.182673
308 0.182929
309 0.184553
310 0.186248
311 0.19303
312 0.189519
313 0.192122
314 0.194336
315 0.196539
316 0.202519
317 0.200141
318 0.201624
319 0.205019
320 0.20504
321 0.206813
322 0.211121
323 0.211032
324 0.214503
325 0.214537
326 0.22126
327 0.224943
328 0.22362
329 0.22591
330 0.231619
331 0.230367
332 0.232392
333 0.234922
334 0.236064
335 0.237532
336 0.241739
337 0.243798
338 0.243919
339 0.247482
340 0.248345
341 0.249073
342 0.252272
343 0.257654
344 0.256635
345 0.259853
346 0.262422
347 0.262063
348 0.264387
349 0.270329
350 0.270094
351 0.274404
352 0.276691
353 0.275647
354 0.28044
355 0.280789
356 0.282199
357 0.286304
358 0.289159
359 0.289927
360 0.291201
361 0.29427
362 0.294895
363 0.298245
364 0.302605
365 0.305276
366 0.305059
367 0.308618
368 0.313881
369 0.315163
370 0.318793
371 0.31748
372 0.320435
373 0.324296
374 0.32666
375 0.32989
376 0.332508
377 0.332988
378 0.337215
379 0.34048
380 0.341557
381 0.345492
382 0.348004
383 0.353322
384 0.356765
385 0.358194
386 0.359487
387 0.362215
388 0.363644
389 0.365831
390 0.369891
391 0.386508
392 0.378401
393 0.384845
394 0.380686
395 0.393053
396 0.391128
397 0.390486
398 0.394108
399 0.399714
400 0.426269
401 0.403347
402 0.406419
403 0.423475
404 0.413586
405 0.423717
406 0.424085
407 0.420975
408 0.431582
409 0.443001
410 0.443665
411 0.443592
412 0.447763
413 0.439396
414 0.464118
415 0.450884
416 0.454262
417 0.456106
418 0.460208
419 0.471811
420 0.467227
421 0.479553
422 0.474879
423 0.4848
424 0.479793
425 0.478951
426 0.493638
427 0.508274
428 0.49297
429 0.505824
430 0.504972
431 0.509131
432 0.514875
433 0.516177
434 0.515939
435 0.512191
436 0.521209
437 0.518237
438 0.526524
439 0.530397
440 0.533553
441 0.534312
442 0.543073
443 0.54557
444 0.55321
445 0.556114
446 0.553729
447 0.56109
448 0.566505
449 0.563172
450 0.569932
451 0.570097
452 0.576972
453 0.578687
454 0.580107
455 0.591728
456 0.592031
457 0.596578
458 0.601289
459 0.6134
460 0.623707
461 0.623629
462 0.64499
463 0.614275
464 0.628178
465 0.624109
466 0.630628
467 0.632503
468 0.630595
469 0.6496
470 0.649253
471 0.655288
472 0.657382
473 0.676453
474 0.687568
475 0.664039
476 0.677842
477 0.683609
478 0.677806
479 0.702394
480 0.685581
481 0.693914
482 0.712732
483 0.69781
484 0.704019
485 0.711468
486 0.714273
487 0.713799
488 0.723534
489 0.721151
490 0.726939
491 0.736864
492 0.737171
493 0.761834
494 0.782001
495 0.757477
496 0.793313
497 0.785673
498 0.792333
499 0.795011
500 0.789962
501 0.80031
502 0.799558
503 0.812069
504 0.81684
505 0.829332
506 0.811403
507 0.83614
508 0.842283
509 0.826655
