 2.388e-05
 2.925e-05
 3.291e-05
 4.12e-05
 4.916e-05
 5.947e-05
 7.113e-05
 8.245e-05
 9.298e-05
 0.00010425
 0.00012079
 0.0001357
 0.00015343
 0.00018234
 0.00021202
 0.00023516
 0.00030664
 0.0003408
 0.00039128
 0.00039747
 0.00045318
 0.00052295
 0.00055824
 0.00057253
 0.00069629
 0.00136815
 0.00151908
 0.00151235
 0.00154869
 0.00146336
 0.0016754
 0.00112623
 0.00130795
 0.00169547
 0.00154179
 0.00167115
 0.00172256
 0.00162126
 0.00149748
 0.001465
 0.00163098
 0.00203061
 0.0022502
 0.00283335
 0.00288552
 0.00263415
 0.00308297
 0.00311668
 0.00346948
 0.0033451
 0.00343076
 0.00356762
 0.00331324
 0.00340642
 0.00339883
 0.00374673
 0.00489044
 0.00558994
 0.00463332
 0.00461252
 0.00523925
 0.00474519
 0.00486754
 0.0059335
 0.00786459
 0.00605066
 0.00641087
 0.00615025
 0.00701006
 0.00698328
 0.0121476
 0.00914266
 0.00803065
 0.00801486
 0.00770741
 0.00758811
 0.0118813
 0.00898759
 0.0144261
 0.0105075
 0.00911829
 0.0128423
 0.0107031
 0.0138975
 0.0116053
 0.0122483
 0.0166591
 0.0135455
 0.0139452
 0.0141572
 0.0204165
 0.0145789
 0.0155347
 0.0223069
 0.0157161
 0.0140301
 0.0174269
 0.0157496
 0.0146314
 0.021015
 0.0236783
 0.0202498
 0.0180194
 0.0216421
 0.0185436
 0.0202168
 0.0249115
 0.0255718
 0.025834
 0.021987
 0.0261903
 0.0225463
 0.0267203
 0.0240459
 0.0278253
 0.0236324
 0.0242694
 0.028993
 0.0268916
 0.0288751
 0.0310753
 0.02932
 0.0279956
 0.0284378
 0.0337799
 0.0356135
 0.0292275
 0.0295134
 0.030017
 0.030908
 0.0314546
 0.0320779
 0.0329287
 0.0336738
 0.0345041
 0.0351079
 0.0357834
 0.0364812
 0.0377173
 0.0379251
 0.038838
 0.0396673
 0.0402233
 0.0411698
 0.041727
 0.0425075
 0.0436196
 0.0442606
 0.0447907
 0.0465297
 0.0468101
 0.0477524
 0.0495454
 0.0496594
 0.0507583
 0.051507
 0.0524274
 0.053209
 0.05402
 0.0550619
 0.056505
 0.0574297
 0.0577679
 0.0594039
 0.0602098
 0.0612874
 0.0623567
 0.0635269
 0.064711
 0.0656017
 0.0666944
 0.0678477
 0.0693997
 0.0700456
 0.0713021
 0.0725396
 0.0794155
 0.0771341
 0.0832608
