 1.834e-05
 2.124e-05
 2.435e-05
 2.865e-05
 3.368e-05
 3.97e-05
 4.658e-05
 5.354e-05
 5.979e-05
 6.589e-05
 7.217e-05
 8.062e-05
 9.279e-05
 0.00010786
 0.00011945
 0.00013186
 0.00018313
 0.00018728
 0.0002165
 0.00022091
 0.00024661
 0.00028467
 0.00030588
 0.00030796
 0.0003779
 0.00071893
 0.00079124
 0.0007253
 0.00080191
 0.00077217
 0.0008441
 0.00059062
 0.00069424
 0.0008561
 0.0007806
 0.00085173
 0.0008801
 0.00083061
 0.00076136
 0.00074934
 0.00083508
 0.00105555
 0.0011779
 0.00148622
 0.00146414
 0.00130339
 0.00162725
 0.00158803
 0.00174755
 0.00169029
 0.00169012
 0.00182431
 0.00178008
 0.00171245
 0.00169314
 0.00186381
 0.00245165
 0.00286017
 0.00224743
 0.00228977
 0.00253876
 0.0023814
 0.00244327
 0.00304884
 0.00386681
 0.00298052
 0.00319732
 0.00308278
 0.00344383
 0.00345537
 0.00599118
 0.00449338
 0.00395808
 0.00397193
 0.00388754
 0.00382693
 0.00593062
 0.00441688
 0.00712117
 0.00520409
 0.00452242
 0.00628316
 0.00525628
 0.00681955
 0.00578815
 0.00599988
 0.00799948
 0.00670924
 0.0070311
 0.00674676
 0.00984682
 0.00717758
 0.00755681
 0.010881
 0.0077593
 0.00687323
 0.0087039
 0.00774536
 0.00714018
 0.009991
 0.0116163
 0.00996461
 0.00891342
 0.0105562
 0.0091319
 0.00977391
 0.0123176
 0.0127186
 0.0125568
 0.0108294
 0.0128216
 0.0110942
 0.0130611
 0.0117099
 0.0134988
 0.0116898
 0.0121117
 0.0144916
 0.0129885
 0.0142856
 0.0151741
 0.014365
 0.0137677
 0.0139267
 0.0162521
 0.0175961
 0.0141768
 0.0142472
 0.0146419
 0.0149946
 0.0151604
 0.0155054
 0.016006
 0.0161969
 0.0167625
 0.0170784
 0.0172449
 0.0177105
 0.0182117
 0.0184038
 0.0187726
 0.0191374
 0.0195448
 0.0199006
 0.0203745
 0.0207584
 0.0208323
 0.0214366
 0.0218984
 0.0223462
 0.0225516
 0.0229363
 0.0233393
 0.0240006
 0.0242362
 0.0248543
 0.0251422
 0.0257818
 0.0262749
 0.0266952
 0.0273889
 0.0276462
 0.0280536
 0.0286611
 0.0291886
 0.0293336
 0.0299195
 0.0305236
 0.031267
 0.0317894
 0.0321089
 0.0327259
 0.033167
 0.0337532
 0.0341825
 0.0346237
 0.0387546
 0.0370072
 0.0405135
