 2.028e-05
 2.212e-05
 2.511e-05
 3.013e-05
 3.433e-05
 3.953e-05
 4.875e-05
 5.319e-05
 5.841e-05
 6.418e-05
 7.654e-05
 8.289e-05
 9.404e-05
 0.00010262
 0.00012442
 0.00013703
 0.00018823
 0.00018857
 0.00021682
 0.00022226
 0.00024577
 0.00028379
 0.00030235
 0.00030836
 0.00038164
 0.00071877
 0.00080088
 0.00077525
 0.00081659
 0.00078215
 0.00086508
 0.00059198
 0.00067142
 0.00084521
 0.0008065
 0.00084869
 0.00093836
 0.00083567
 0.00075488
 0.00075362
 0.00083539
 0.00104774
 0.00114186
 0.00142407
 0.0014492
 0.001316
 0.00158627
 0.00157191
 0.00180677
 0.00165333
 0.00172643
 0.00183142
 0.00175506
 0.00171589
 0.00172364
 0.00185755
 0.0025181
 0.00283124
 0.00227416
 0.00230513
 0.00257094
 0.00238277
 0.00247431
 0.00302679
 0.00383356
 0.00296772
 0.00321854
 0.00304369
 0.0034439
 0.00344353
 0.005823
 0.0045576
 0.00390077
 0.00395211
 0.00382738
 0.00381338
 0.00569755
 0.00440706
 0.00700604
 0.00517739
 0.00450296
 0.00617952
 0.00528365
 0.00662468
 0.0056949
 0.0059797
 0.00797604
 0.00672206
 0.00692792
 0.00676674
 0.00962858
 0.00697176
 0.00739882
 0.0106034
 0.00765011
 0.00685673
 0.00833446
 0.00767547
 0.00705172
 0.0101055
 0.0114043
 0.00976032
 0.00879357
 0.0107111
 0.00908084
 0.00960311
 0.0118922
 0.0124157
 0.0122674
 0.0106483
 0.0126388
 0.0109695
 0.0129596
 0.0116313
 0.0135883
 0.0115219
 0.0119097
 0.0139602
 0.0130801
 0.0141302
 0.0150425
 0.014199
 0.0136257
 0.0138044
 0.0162172
 0.0173229
 0.0141069
 0.0143244
 0.0145911
 0.0148685
 0.0151833
 0.0154823
 0.0158873
 0.01618
 0.0166465
 0.0168663
 0.0171995
 0.0178372
 0.0181043
 0.0183344
 0.0186157
 0.0190973
 0.0193352
 0.0198053
 0.020237
 0.0206242
 0.0210296
 0.0212512
 0.0216894
 0.0221029
 0.0226669
 0.0229543
 0.0232534
 0.023984
 0.0242285
 0.0247796
 0.0252096
 0.0255868
 0.025788
 0.0263341
 0.0269832
 0.0272787
 0.0280965
 0.0284578
 0.0290308
 0.0295066
 0.0297929
 0.030535
 0.0310131
 0.0315771
 0.0321491
 0.0326204
 0.0331158
 0.0336149
 0.0338394
 0.0349183
 0.0378865
 0.0370986
 0.0393426
