0.006391
0.012715
0.019046
0.025507
0.031975
0.038306
0.045008
0.051594
0.058012
0.06451
0.071297
0.078407
0.084779
0.091129
0.098959
0.105346
0.111772
0.118142
0.124479
0.130832
0.137479
0.143977
0.150611
0.158226
0.165475
0.172535
0.179033
0.185549
0.192174
0.198946
0.205512
0.212629
0.219266
0.225962
0.232536
0.239237
0.245985
0.252503
0.258922
0.265822
0.272443
0.278971
0.285449
0.291888
0.29858
0.30526
0.311828
0.318434
0.325188
0.331867
0.338766
0.345632
0.352919
0.359428
0.365906
0.372424
0.37923
0.385843
0.393266
0.399847
0.406374
0.413215
0.419727
0.426661
0.433635
0.440527
0.447495
0.453939
0.460391
0.466884
0.473527
0.480033
0.48654
0.493393
0.499763
0.506547
0.513034
0.519688
0.526177
0.532555
0.539147
0.545746
0.552328
0.558921
0.56589
0.572478
0.578865
0.585879
0.59271
0.600215
0.607068
0.61408
0.620769
0.627717
0.63413
0.640967
0.647532
0.653917
0.660576
0.667119
0.673584
0.680041
0.686405
0.692749
0.699124
0.70549
0.711825
0.718287
0.724626
0.731018
0.737353
0.743706
0.750093
0.756463
0.762845
0.769193
0.775533
0.781881
0.788265
0.794614
0.801005
0.807341
0.813678
0.820029
0.826357
0.832708
0.839063
0.845423
0.851804
0.858146
0.864471
0.870874
0.877211
0.883555
0.889937
0.896274
0.902666
0.909188
0.915656
0.922009
0.928353
0.934787
0.94114
0.947614
0.954134
0.96055
0.966971
0.973467
0.979841
0.986243
0.992628
0.999034
1.00537
1.01171
1.01805
1.02442
1.03076
1.03711
1.0435
1.04996
1.05629
1.06265
1.06898
1.07538
1.08178
1.08811
1.09446
1.10086
1.10723
1.11358
1.11996
1.12631
1.1327
1.13904
1.14537
1.15171
1.15805
1.16441
1.17079
1.17714
1.18353
1.18989
1.19637
1.20277
1.20913
1.21561
1.22196
1.22838
1.23472
1.24115
1.24757
1.25404
1.26041
1.26675
1.27314
1.27948
1.28581
1.29221
1.2986
1.30499
1.31132
1.31769
1.32407
1.33041
1.33674
1.34313
1.34947
1.35581
1.36216
1.36852
1.37497
1.38136
1.38769
1.39402
1.4004
1.40674
1.41316
1.41952
1.42584
1.43219
1.43858
1.44506
1.45138
1.45772
1.4641
1.47043
1.47684
1.48326
1.48971
1.49614
1.50255
1.5089
1.51529
1.52165
1.52799
1.53447
1.54102
1.54749
1.55383
1.56018
1.56657
1.57291
1.57925
1.58561
1.59194
1.59828
1.6046
1.61095
1.61727
1.62368
1.63003
1.63642
1.64274
1.64918
1.65557
1.66191
1.66824
1.67464
1.68096
1.68737
1.69377
1.70011
1.70644
1.71284
1.71917
1.72551
1.73186
1.73827
1.7446
1.751
1.75736
1.76377
1.77024
1.77678
1.78316
1.78953
1.79588
1.80235
1.80886
1.81526
1.82173
1.82809
1.83446
1.84087
1.8473
1.85363
1.85998
1.86632
1.87266
1.87901
1.8854
1.89186
1.89819
1.90454
1.91097
1.91737
1.92372
1.93006
1.93645
1.94279
1.94913
1.95547
1.9618
1.96819
1.97452
1.98086
1.98719
1.9936
1.99993
2.00628
2.0126
2.019
2.02533
2.03167
2.03801
2.04442
2.0508
2.05715
2.06349
2.06988
2.07623
2.08259
2.08894
2.0953
2.10164
2.10849
2.1149
2.12135
2.12769
2.13403
2.14036
2.14671
2.15304
2.15939
2.16573
2.17206
2.17839
2.18473
2.19106
2.19741
2.20374
2.21008
2.21641
2.22281
2.22925
2.23559
2.24192
2.24837
2.25471
2.26117
2.2675
2.27384
2.28017
2.28657
2.2929
2.29924
2.30559
2.31199
2.31836
2.3247
2.33103
2.33744
2.34385
2.35027
2.35662
2.36296
2.36934
2.37569
2.3821
2.38846
2.39488
2.40137
2.40772
2.41408
2.4204
2.4268
2.43313
2.43947
2.44599
2.45233
2.45872
2.46506
2.47138
2.47772
2.48405
2.49039
2.49677
2.50318
2.50951
2.51585
2.52218
2.52852
2.53485
2.54125
2.54762
2.55398
2.56036
2.5667
2.57313
2.57947
2.5858
2.5922
2.59853
2.60487
2.61119
2.61755
2.62387
2.63025
2.63682
2.64315
2.64957
2.65617
2.66253
2.66896
2.6753
2.68168
2.68803
2.69439
2.70074
2.70711
2.71344
2.71978
2.72611
2.73245
2.73879
2.74521
2.75159
2.75793
2.76433
2.77068
2.777
2.78335
2.78975
2.7961
2.80248
2.80883
2.81516
2.82149
2.82787
2.83439
2.84078
2.84718
2.85351
2.85985
2.86692
2.87326
2.87959
2.88599
2.89231
2.89866
2.9051
2.9115
2.91787
2.92425
2.93061
2.93701
2.94343
2.94987
2.95623
2.9626
2.96896
2.97532
2.98173
2.98814
2.99452
3.00091
3.00725
3.01364
3.01997
3.02644
3.03276
3.0391
3.04551
3.05184
3.05817
3.06451
3.0709
3.07732
3.0837
3.09003
3.09643
3.10283
3.10916
3.11557
3.12189
3.12823
3.13457
3.14098
3.14737
3.15371
3.16009
3.16648
3.17286
3.1792
3.18553
3.19188
3.19826
3.20468
3.21105
