0 0
1 0
2 0
3 0
4 0
5 0
6 0
7 0
8 0
9 0
10 0.000301
11 0.000255
12 0.000229
13 0.000259
14 0.000315
15 0.000357
16 0.000454
17 0.000529
18 0.000567
19 0.000639
20 0.000742
21 0.000858
22 0.000993
23 0.001054
24 0.001195
25 0.001286
26 0.001476
27 0.001622
28 0.001758
29 0.001924
30 0.00215
31 0.002313
32 0.002535
33 0.002711
34 0.003022
35 0.003325
36 0.003478
37 0.003682
38 0.003993
39 0.004399
40 0.004664
41 0.004904
42 0.005259
43 0.005563
44 0.006052
45 0.006308
46 0.006779
47 0.007228
48 0.007681
49 0.008185
50 0.008692
51 0.009096
52 0.009694
53 0.010117
54 0.010648
55 0.011194
56 0.011918
57 0.012459
58 0.01304
59 0.013941
60 0.014436
61 0.015291
62 0.015786
63 0.016459
64 0.017226
65 0.018228
66 0.019836
67 0.019536
68 0.020665
69 0.021288
70 0.022265
71 0.023414
72 0.024802
73 0.025204
74 0.026319
75 0.027574
76 0.028417
77 0.029542
78 0.030787
79 0.031911
80 0.033196
81 0.034179
82 0.03586
83 0.036838
84 0.038643
85 0.039312
86 0.040698
87 0.042259
88 0.043775
89 0.045194
90 0.046921
91 0.048245
92 0.049641
93 0.051354
94 0.053294
95 0.05443
96 0.055906
97 0.057135
98 0.059927
99 0.061582
100 0.06332
101 0.065423
102 0.067583
103 0.068871
104 0.071721
105 0.072506
106 0.075779
107 0.076656
108 0.079528
109 0.081497
110 0.084062
111 0.086723
112 0.088658
113 0.09115
114 0.09214
115 0.096056
116 0.098222
117 0.100939
118 0.103274
119 0.108181
120 0.108653
121 0.11076
122 0.113125
123 0.118727
124 0.118816
125 0.121404
126 0.125202
127 0.128021
128 0.131062
129 0.133795
130 0.136235
131 0.138958
132 0.142503
133 0.145707
134 0.149763
135 0.153042
136 0.156662
137 0.15898
138 0.16204
139 0.166475
140 0.171822
141 0.174855
142 0.176805
143 0.181729
144 0.185668
145 0.186775
146 0.192419
147 0.19645
148 0.200375
149 0.204496
150 0.208906
151 0.21363
152 0.21723
153 0.222499
154 0.226783
155 0.23146
156 0.235266
157 0.240589
158 0.243398
159 0.252504
160 0.252913
161 0.258698
162 0.264123
163 0.269423
164 0.274456
165 0.278063
166 0.283485
167 0.288413
168 0.293748
169 0.299162
170 0.303598
171 0.309932
172 0.314239
173 0.324826
174 0.324802
175 0.332582
176 0.335404
177 0.340919
178 0.352421
179 0.356176
180 0.357018
181 0.364361
182 0.368398
183 0.377129
184 0.382833
185 0.388674
186 0.395613
187 0.40165
188 0.405446
189 0.408725
190 0.417179
191 0.428478
192 0.439196
193 0.439191
194 0.445804
195 0.459562
196 0.463494
197 0.473205
198 0.47852
199 0.48813
200 0.499073
201 0.505274
202 0.505339
203 0.509082
204 0.524666
205 0.527406
206 0.544479
207 0.544962
208 0.550314
209 0.558521
210 0.568513
