0 0
1 0
2 0
3 0
4 0
5 0
6 0
7 0
8 0
9 0
10 0.000329
11 0.000282
12 0.000255
13 0.000288
14 0.000353
15 0.000385
16 0.000502
17 0.000578
18 0.000616
19 0.000718
20 0.000825
21 0.000925
22 0.001106
23 0.001164
24 0.001292
25 0.001424
26 0.001567
27 0.001726
28 0.001903
29 0.002115
30 0.002368
31 0.002512
32 0.002814
33 0.003003
34 0.003294
35 0.003589
36 0.003795
37 0.004083
38 0.004483
39 0.004818
40 0.00515
41 0.005393
42 0.005761
43 0.006249
44 0.006645
45 0.007203
46 0.007561
47 0.00795
48 0.008248
49 0.009019
50 0.009354
51 0.009998
52 0.010699
53 0.011086
54 0.012106
55 0.012747
56 0.012932
57 0.013811
58 0.01425
59 0.015162
60 0.016104
61 0.016939
62 0.017518
63 0.018262
64 0.019114
65 0.02003
66 0.020543
67 0.022605
68 0.023092
69 0.023659
70 0.025039
71 0.026276
72 0.027008
73 0.028065
74 0.028602
75 0.029943
76 0.03159
77 0.032581
78 0.033932
79 0.034716
80 0.036564
81 0.037115
82 0.039254
83 0.040823
84 0.041516
85 0.043526
86 0.0453
87 0.04734
88 0.047973
89 0.050195
90 0.051913
91 0.053245
92 0.054277
93 0.056436
94 0.057886
95 0.059703
96 0.06188
97 0.06455
98 0.065382
99 0.067266
100 0.069116
101 0.071983
102 0.073532
103 0.075292
104 0.079819
105 0.080627
106 0.083213
107 0.085154
108 0.087097
109 0.089275
110 0.092446
111 0.094776
112 0.097146
113 0.099212
114 0.101608
115 0.105301
116 0.107376
117 0.11022
118 0.113459
119 0.116257
120 0.118961
121 0.121774
122 0.124903
123 0.126517
124 0.131304
125 0.133906
126 0.136592
127 0.140934
128 0.143031
129 0.146588
130 0.149939
131 0.153799
132 0.157039
133 0.160321
134 0.164071
135 0.168503
136 0.172188
137 0.175184
138 0.179511
139 0.182948
140 0.186702
141 0.19241
142 0.195946
143 0.199083
144 0.203919
145 0.208303
146 0.211332
147 0.216089
148 0.220416
149 0.224432
150 0.229885
151 0.235276
152 0.23819
153 0.244264
154 0.248758
155 0.253403
156 0.259123
157 0.26421
158 0.26719
159 0.274433
160 0.27912
161 0.286819
162 0.28964
163 0.29474
164 0.30148
165 0.305678
166 0.311331
167 0.319316
168 0.322365
169 0.327907
170 0.333063
171 0.340241
172 0.347035
173 0.35407
174 0.356985
175 0.361594
176 0.369871
177 0.373421
178 0.382941
179 0.390235
180 0.391885
181 0.398417
182 0.406764
183 0.411952
184 0.419667
185 0.428907
186 0.431956
187 0.439708
188 0.445087
189 0.453821
190 0.463663
191 0.470709
192 0.479399
193 0.486282
194 0.488891
195 0.502485
196 0.509752
197 0.516807
198 0.524262
199 0.537106
200 0.54158
201 0.551884
202 0.556936
203 0.562183
204 0.576028
205 0.576572
206 0.596276
207 0.599183
208 0.603718
209 0.616445
210 0.62285
