0 0
1 0
2 0
3 0
4 0
5 0
6 0
7 0
8 0
9 0
10 9.9e-05
11 2.9e-05
12 3.5e-05
13 4.8e-05
14 5.7e-05
15 5.7e-05
16 6.8e-05
17 7.9e-05
18 9.1e-05
19 0.000104
20 0.000117
21 9.7e-05
22 9.9e-05
23 0.000111
24 0.000125
25 0.000138
26 0.000167
27 0.000203
28 0.000236
29 0.000259
30 0.000333
31 0.000312
32 0.0003
33 0.000294
34 0.000323
35 0.000383
36 0.000432
37 0.000561
38 0.000563
39 0.000592
40 0.000637
41 0.000598
42 0.000729
43 0.000673
44 0.000837
45 0.000889
46 0.000766
47 0.000779
48 0.000824
49 0.001214
50 0.001208
51 0.001272
52 0.001372
53 0.00119
54 0.001483
55 0.001245
56 0.001648
57 0.001713
58 0.001522
59 0.001543
60 0.001552
61 0.001714
62 0.001842
63 0.001972
64 0.002211
65 0.002173
66 0.002043
67 0.002126
68 0.00229
69 0.00232
70 0.002418
71 0.002852
72 0.002692
73 0.002757
74 0.002899
75 0.003331
76 0.003249
77 0.003523
78 0.003663
79 0.004723
80 0.003561
81 0.003812
82 0.004054
83 0.003959
84 0.004194
85 0.0044
86 0.004581
87 0.005284
88 0.004845
89 0.005348
90 0.005008
91 0.005479
92 0.005398
93 0.005521
94 0.005881
95 0.005944
96 0.007598
97 0.006487
98 0.007089
99 0.006835
100 0.008664
101 0.007324
102 0.008022
103 0.007792
104 0.010156
105 0.008019
106 0.010211
107 0.008623
108 0.009618
109 0.009084
110 0.009058
111 0.009323
112 0.009686
113 0.010143
114 0.009985
115 0.010579
116 0.010697
117 0.01097
118 0.011333
119 0.011871
120 0.012529
121 0.012667
122 0.012318
123 0.012823
124 0.01287
125 0.014192
126 0.014598
127 0.014085
128 0.014804
129 0.014461
130 0.015231
131 0.017899
132 0.016279
133 0.01582
134 0.017613
135 0.016602
136 0.018192
137 0.018762
138 0.020403
139 0.018902
140 0.021218
141 0.0189
142 0.020041
143 0.020645
144 0.022897
145 0.020664
146 0.021325
147 0.021647
148 0.022103
149 0.023015
150 0.025142
151 0.023621
152 0.023907
153 0.024255
154 0.025361
155 0.029008
156 0.027923
157 0.026137
158 0.027445
159 0.027374
160 0.028431
161 0.028256
162 0.03109
163 0.033705
164 0.030997
165 0.032287
166 0.030954
167 0.031347
168 0.032499
169 0.035316
170 0.033515
171 0.034526
172 0.037323
173 0.038098
174 0.040756
175 0.036534
176 0.038925
177 0.037426
178 0.044238
179 0.040217
180 0.039474
181 0.039611
182 0.043832
183 0.043876
184 0.041817
185 0.044648
186 0.043824
187 0.045415
188 0.045384
189 0.046644
190 0.047477
191 0.049546
192 0.047128
193 0.051241
194 0.049092
195 0.05
196 0.051098
197 0.054501
198 0.052267
199 0.057721
200 0.05468
201 0.062639
202 0.06103
203 0.058323
204 0.060289
205 0.058577
206 0.059723
207 0.061109
208 0.060755
209 0.064582
210 0.064613
211 0.063379
212 0.065234
213 0.065345
214 0.069324
215 0.070416
216 0.071183
217 0.072012
218 0.075147
219 0.072356
220 0.073532
221 0.074712
222 0.081911
223 0.081752
224 0.081994
225 0.081376
226 0.080509
227 0.081204
228 0.083815
229 0.08057
230 0.086892
231 0.086645
232 0.085493
233 0.083472
234 0.083543
235 0.091898
236 0.092287
237 0.090377
238 0.090448
239 0.1007
240 0.09766
241 0.094638
242 0.095568
243 0.099514
244 0.102917
245 0.103113
246 0.104375
247 0.102575
248 0.103693
249 0.109716
250 0.109199
251 0.1086
252 0.112633
253 0.114934
254 0.113264
255 0.117646
256 0.114155
257 0.11765
258 0.11558
259 0.118976
260 0.125069
261 0.12681
262 0.121113
263 0.128534
264 0.131947
265 0.129195
266 0.129622
267 0.131031
268 0.133284
269 0.134018
270 0.133913
271 0.135476
272 0.137983
273 0.136985
274 0.1385
275 0.138863
276 0.142238
277 0.143054
278 0.150364
279 0.153306
280 0.147183
281 0.149676
282 0.152591
283 0.155204
284 0.153833
285 0.160383
286 0.165721
287 0.163513
288 0.162542
289 0.165192
290 0.168798
291 0.169521
292 0.173311
293 0.171576
294 0.170198
295 0.173919
296 0.175721
297 0.181016
298 0.186342
299 0.181632
300 0.185378
301 0.18519
302 0.18748
303 0.193568
304 0.190252
305 0.195054
306 0.198796
307 0.201875
308 0.202555
309 0.200814
310 0.203684
311 0.205153
312 0.203973
313 0.211608
314 0.213167
315 0.219203
316 0.219413
317 0.229132
318 0.220164
319 0.218714
320 0.223589
321 0.229255
322 0.233326
323 0.236545
324 0.22859
325 0.23889
326 0.240047
327 0.250697
328 0.262152
329 0.249786
330 0.251929
331 0.252445
332 0.256626
333 0.257479
334 0.260001
335 0.257751
336 0.268277
337 0.262796
338 0.267447
339 0.271561
340 0.267727
341 0.269218
342 0.276055
343 0.276634
344 0.279979
345 0.280482
346 0.289819
347 0.284731
348 0.288456
349 0.292416
350 0.294988
351 0.299049
352 0.296021
353 0.301381
354 0.300025
355 0.315456
356 0.314328
357 0.3091
358 0.313528
359 0.317089
360 0.311114
361 0.313933
362 0.317299
363 0.32103
364 0.322026
365 0.32371
366 0.328042
367 0.332113
368 0.33249
369 0.333885
370 0.340049
371 0.339248
372 0.344038
373 0.351981
374 0.351161
375 0.353846
376 0.35519
377 0.35823
378 0.362823
379 0.364072
380 0.367354
381 0.371114
382 0.373702
383 0.374915
384 0.377864
385 0.380772
386 0.385691
387 0.386628
388 0.397504
389 0.392589
390 0.395606
391 0.41376
392 0.401637
393 0.415882
394 0.41359
395 0.412565
396 0.436769
397 0.429915
398 0.444292
399 0.437641
400 0.428306
401 0.437274
402 0.431901
403 0.444986
404 0.447206
405 0.443307
406 0.458444
407 0.451582
408 0.466108
409 0.471116
410 0.46601
411 0.484338
412 0.479011
413 0.47445
414 0.501123
415 0.493695
416 0.498665
417 0.495056
418 0.502455
419 0.503485
420 0.504026
421 0.525794
422 0.52912
423 0.535471
424 0.523193
425 0.520631
426 0.541595
427 0.538471
428 0.538014
429 0.543767
430 0.550013
431 0.539079
432 0.556411
433 0.553785
434 0.546223
435 0.552269
436 0.549651
437 0.553011
438 0.56056
439 0.56492
440 0.565464
441 0.575832
442 0.571553
443 0.574776
444 0.590992
445 0.586291
446 0.594519
447 0.604169
448 0.610464
449 0.605791
450 0.612256
451 0.612378
452 0.624332
453 0.620287
454 0.625051
455 0.623032
456 0.63137
457 0.63287
458 0.643101
459 0.650637
460 0.651164
461 0.660765
462 0.67675
463 0.66604
464 0.676889
465 0.66244
466 0.681707
467 0.690275
468 0.671571
469 0.710933
470 0.704619
471 0.716847
472 0.733316
473 0.711378
474 0.730967
475 0.74
476 0.741465
477 0.756977
478 0.749605
479 0.755673
480 0.776449
481 0.779256
482 0.771642
483 0.779461
484 0.782794
485 0.771988
486 0.802751
487 0.796786
488 0.763669
489 0.769615
490 0.778241
491 0.787239
492 0.799075
493 0.801112
494 0.827469
495 0.845994
496 0.866803
497 0.860951
498 0.841481
499 0.838642
500 0.848548
501 0.849467
502 0.860263
503 0.887828
504 0.888291
505 0.880371
506 0.928814
507 0.906129
508 0.920283
509 0.930181
