10 0.000453
11 0.000526
12 0.000719
13 0.000833
14 0.001031
15 0.001253
16 0.001891
17 0.000518
18 0.000596
19 0.000746
20 0.000856
21 0.000956
22 0.001068
23 0.00128
24 0.001598
25 0.001657
26 0.001968
27 0.002078
28 0.002348
29 0.002531
30 0.002973
31 0.003315
32 0.003712
33 0.003882
34 0.004542
35 0.004672
36 0.005699
37 0.005738
38 0.005955
39 0.006222
40 0.007814
41 0.008509
42 0.009132
43 0.008867
44 0.009666
45 0.010444
46 0.011164
47 0.011751
48 0.012845
49 0.013566
50 0.014887
51 0.016473
52 0.016666
53 0.019371
54 0.019618
55 0.021288
56 0.021441
57 0.02366
58 0.023911
59 0.024905
60 0.027057
61 0.027797
62 0.032024
63 0.033735
64 0.036022
65 0.036582
66 0.038631
67 0.041556
68 0.045361
69 0.047652
70 0.051398
71 0.055209
72 0.055141
73 0.05671
74 0.061674
75 0.073627
76 0.070302
77 0.076519
78 0.079433
79 0.084085
80 0.081935
81 0.085435
82 0.091209
83 0.094772
84 0.099902
85 0.104703
86 0.114035
87 0.119917
88 0.118632
89 0.120225
90 0.127106
91 0.137863
92 0.141794
93 0.142102
94 0.150288
95 0.161393
96 0.158468
97 0.164634
98 0.177464
99 0.179519
100 0.192946
101 0.213883
102 0.200362
103 0.212988
104 0.215014
105 0.216969
106 0.236724
107 0.240346
108 0.25011
109 0.260011
110 0.263659
111 0.276669
112 0.287462
113 0.295968
114 0.3284
115 0.314004
116 0.324517
117 0.339305
118 0.342166
119 0.356086
120 0.376848
121 0.382834
122 0.392428
123 0.410031
124 0.410592
125 0.422457
126 0.561724
127 0.588559
128 0.609041
129 0.611478
130 0.634298
131 0.642478
132 0.652232
133 0.680555
134 0.698849
135 0.715308
136 0.733605
137 0.747565
138 0.769518
139 0.780084
140 0.810685
141 0.827566
142 0.869547
143 0.890788
144 0.895406
145 0.963297
146 0.942911
147 1.04337
148 0.975388
149 1.04589
150 1.04167
151 1.12161
152 1.09832
153 1.11141
154 1.26178
155 1.17644
156 1.19848
157 1.3966
158 1.25961
159 1.49429
160 1.44244
161 1.41619
162 1.42488
163 1.54424
164 1.55193
165 1.70095
166 1.83199
167 1.72548
168 1.91895
169 2.27685
170 2.15828
171 1.9991
172 2.08032
173 2.118
174 2.0823
175 2.14458
176 2.18561
177 2.44151
178 2.2346
179 2.6643
180 2.41938
181 2.51926
182 2.90061
183 2.76691
184 2.64067
185 2.92842
186 3.19631
187 2.8714
188 3.14436
189 3.23132
190 3.53186
191 3.58833
192 3.48638
193 3.71588
194 3.72589
195 3.99885
196 4.10685
197 4.43905
198 4.25597
199 4.71819
200 4.68374
201 4.74021
202 4.70103
203 4.95063
204 5.12152
205 5.18789
206 5.2429
207 5.56881
208 5.47711
209 5.80807
210 6.20769
211 5.99726
212 6.30391
213 6.33284
214 6.81093
215 6.69656
216 6.64573
217 7.15656
218 7.09388
219 7.29827
220 7.25677
221 7.36602
222 8.24841
223 8.36704
224 8.30086
225 8.40851
226 8.52002
227 8.80086
228 8.79304
229 9.27873
230 9.3541
231 9.49827
232 9.85826
233 9.72108
234 9.89872
235 10.112
236 10.2066
237 10.4041
238 10.947
239 11.0068
240 11.1794
241 11.308
242 11.293
243 11.1295
244 11.6847
245 11.6295
246 12.5511
247 12.3925
248 12.4552
249 12.2797
250 12.6276
251 13.0795
252 13.5109
253 13.4757
254 14.3719
255 14.3978
256 14.318
257 14.5136
258 14.9001
259 14.8911
