10 1.5e-05
11 1.6e-05
12 1.6e-05
13 3.2e-05
14 2.8e-05
15 2.3e-05
16 2.9e-05
17 8e-06
18 7e-06
19 9e-06
20 1e-05
21 1e-05
22 1.1e-05
23 1.2e-05
24 1.4e-05
25 1.5e-05
26 1.7e-05
27 1.6e-05
28 1.7e-05
29 2.1e-05
30 2.3e-05
31 2.2e-05
32 2.3e-05
33 2.5e-05
34 3.1e-05
35 3.2e-05
36 3.1e-05
37 3.2e-05
38 3.4e-05
39 4.1e-05
40 4.4e-05
41 4.1e-05
42 4.3e-05
43 5.2e-05
44 5.4e-05
45 5e-05
46 6.3e-05
47 6.3e-05
48 6.9e-05
49 6.2e-05
50 6.5e-05
51 6.8e-05
52 7.3e-05
53 8.6e-05
54 8.9e-05
55 8.2e-05
56 8.8e-05
57 9e-05
58 9.4e-05
59 9.8e-05
60 0.000102
61 0.000107
62 0.000112
63 0.000116
64 0.000122
65 0.000127
66 0.000137
67 0.000136
68 0.000143
69 0.000146
70 0.00017
71 0.000159
72 0.000177
73 0.00017
74 0.000178
75 0.000206
76 0.000191
77 0.000198
78 0.000228
79 0.000212
80 0.000221
81 0.00023
82 0.000235
83 0.000248
84 0.000254
85 0.000255
86 0.000269
87 0.000315
88 0.000296
89 0.000293
90 0.000304
91 0.000313
92 0.000323
93 0.000376
94 0.000367
95 0.000347
96 0.000366
97 0.000366
98 0.000402
99 0.000385
100 0.000407
101 0.000487
102 0.000424
103 0.000444
104 0.000503
105 0.000477
106 0.000478
107 0.000569
108 0.000497
109 0.00051
110 0.000528
111 0.000546
112 0.000553
113 0.000653
114 0.000652
115 0.000651
116 0.000673
117 0.000629
118 0.000735
119 0.000726
120 0.000751
121 0.000737
122 0.000716
123 0.000719
124 0.000735
125 0.000745
126 0.000784
127 0.000811
128 0.000839
129 0.000816
130 0.000854
131 0.000912
132 0.000931
133 0.000892
134 0.000913
135 0.00098
136 0.000996
137 0.000967
138 0.001072
139 0.001122
140 0.001108
141 0.001061
142 0.001074
143 0.001096
144 0.001226
145 0.001187
146 0.001231
147 0.001245
148 0.00131
149 0.001294
150 0.001311
151 0.001274
152 0.00138
153 0.001323
154 0.001426
155 0.001431
156 0.001413
157 0.001426
158 0.001554
159 0.00147
160 0.001501
161 0.001599
162 0.001616
163 0.001772
164 0.001615
165 0.001771
166 0.0017
167 0.001741
168 0.001797
169 0.001757
170 0.001787
171 0.00188
172 0.001892
173 0.002058
174 0.002033
175 0.001996
176 0.002113
177 0.002159
178 0.002221
179 0.002108
180 0.002196
181 0.002305
182 0.002448
183 0.002317
184 0.002319
185 0.002498
186 0.002306
187 0.002422
188 0.002493
189 0.002705
190 0.002523
191 0.002628
192 0.002737
193 0.002647
194 0.002767
195 0.002729
196 0.002853
197 0.002806
198 0.002824
199 0.003075
200 0.003055
201 0.003197
202 0.003051
203 0.003085
204 0.0032
205 0.003296
206 0.003275
207 0.003254
208 0.003425
209 0.003321
210 0.003666
211 0.003434
212 0.003407
213 0.003527
214 0.003587
215 0.003561
216 0.00368
217 0.003844
218 0.003789
219 0.0038
220 0.003876
221 0.004027
222 0.004404
223 0.004273
224 0.004008
225 0.0043
226 0.004411
227 0.004281
228 0.004383
229 0.00457
230 0.004414
231 0.00442
232 0.004747
233 0.004738
234 0.004594
235 0.004763
236 0.004691
237 0.004932
238 0.005041
239 0.004883
240 0.005328
241 0.005176
242 0.005169
243 0.005395
244 0.005256
245 0.005357
246 0.005399
247 0.005541
248 0.005496
249 0.005857
250 0.005649
251 0.005738
252 0.006102
253 0.006162
254 0.006484
255 0.006836
256 0.006454
257 0.006245
258 0.006469
259 0.006133
260 0.006476
