10 1.2e-05
11 1.1e-05
12 1.1e-05
13 1.1e-05
14 1.1e-05
15 4.4e-05
16 1.8e-05
17 4e-06
18 4e-06
19 4e-06
20 5e-06
21 5e-06
22 5e-06
23 4e-06
24 5e-06
25 5e-06
26 6e-06
27 5e-06
28 5e-06
29 6e-06
30 6e-06
31 6e-06
32 7e-06
33 7e-06
34 7e-06
35 9e-06
36 8e-06
37 9e-06
38 9e-06
39 9e-06
40 1e-05
41 9e-06
42 9e-06
43 1e-05
44 1.2e-05
45 1e-05
46 1.1e-05
47 1.2e-05
48 1.1e-05
49 1.2e-05
50 1.3e-05
51 1.2e-05
52 1.4e-05
53 1.3e-05
54 1.4e-05
55 1.5e-05
56 1.5e-05
57 1.4e-05
58 1.7e-05
59 1.7e-05
60 1.6e-05
61 1.5e-05
62 1.5e-05
63 1.6e-05
64 1.7e-05
65 1.7e-05
66 2.1e-05
67 2.1e-05
68 1.8e-05
69 1.9e-05
70 2.1e-05
71 2.2e-05
72 2.2e-05
73 2.2e-05
74 2.4e-05
75 2.3e-05
76 2.2e-05
77 2.3e-05
78 2.5e-05
79 2.5e-05
80 3.2e-05
81 2.5e-05
82 3e-05
83 2.6e-05
84 2.8e-05
85 3.1e-05
86 3e-05
87 2.9e-05
88 3.4e-05
89 3.4e-05
90 3e-05
91 3.4e-05
92 3.8e-05
93 3.2e-05
94 3.3e-05
95 3.3e-05
96 3.7e-05
97 3.4e-05
98 3.7e-05
99 3.6e-05
100 3.8e-05
101 4.9e-05
102 4.4e-05
103 3.9e-05
104 4e-05
105 3.9e-05
106 4.1e-05
107 4.3e-05
108 4.5e-05
109 4.2e-05
110 4.5e-05
111 4.5e-05
112 4.8e-05
113 6.4e-05
114 4.9e-05
115 5.3e-05
116 5.8e-05
117 5e-05
118 7e-05
119 5.8e-05
120 6.3e-05
121 5.3e-05
122 6.5e-05
123 5.4e-05
124 6.4e-05
125 5.6e-05
126 9.2e-05
127 0.000113
128 7.3e-05
129 6.2e-05
130 6.5e-05
131 7.7e-05
132 7.3e-05
133 7.2e-05
134 6.8e-05
135 7.7e-05
136 7.8e-05
137 6.9e-05
138 7.4e-05
139 7.2e-05
140 7.4e-05
141 7.2e-05
142 7.8e-05
143 8.5e-05
144 7.7e-05
145 7.6e-05
146 8.3e-05
147 0.000104
148 8.6e-05
149 8.5e-05
150 8.7e-05
151 8.6e-05
152 9e-05
153 0.000106
154 0.000109
155 9.3e-05
156 0.000105
157 9.4e-05
158 0.00013
159 9.6e-05
160 0.000103
161 0.00012
162 0.000104
163 0.0001
164 0.000112
165 0.000129
166 0.00012
167 0.000104
168 0.000109
169 0.000123
170 0.000119
171 0.000114
172 0.00013
173 0.000132
174 0.000129
175 0.000158
176 0.00013
177 0.000174
178 0.000132
179 0.000131
180 0.000138
181 0.000154
182 0.000164
183 0.000154
184 0.000172
185 0.000167
186 0.000137
187 0.00016
188 0.000188
189 0.00016
190 0.000215
191 0.00021
192 0.000145
193 0.000184
194 0.000166
195 0.000159
196 0.000162
197 0.000153
198 0.000161
199 0.000176
200 0.000171
201 0.000183
202 0.000172
203 0.000193
204 0.00019
205 0.000192
206 0.000193
207 0.000174
208 0.000249
209 0.000189
210 0.000224
211 0.000191
212 0.000239
213 0.000204
214 0.000242
215 0.000213
216 0.000261
217 0.000197
218 0.00021
219 0.000268
220 0.000217
221 0.000202
222 0.000239
223 0.000285
224 0.000271
225 0.000212
226 0.000302
227 0.000251
228 0.000243
229 0.00027
230 0.000298
231 0.000267
232 0.000263
233 0.000294
234 0.000282
235 0.000279
236 0.000264
237 0.000246
238 0.000305
239 0.000282
240 0.000352
241 0.000295
242 0.000337
243 0.000356
244 0.000288
245 0.000285
246 0.000329
247 0.000282
248 0.000294
249 0.000291
250 0.000337
251 0.000295
252 0.00032
253 0.000369
254 0.000414
255 0.000574
256 0.000367
257 0.000313
258 0.000328
259 0.000304
260 0.000332
