6.3e-07
1.03e-06
1.79e-06
2.97e-06
4.18e-06
6.18e-06
7.94e-06
1.098e-05
1.335e-05
1.618e-05
2.048e-05
2.388e-05
2.705e-05
3.431e-05
3.873e-05
4.689e-05
5.556e-05
6.707e-05
7.654e-05
0.00011319
0.00011794
0.00011956
0.00013184
0.0001563
0.00017361
0.00020078
0.00020713
0.00023597
0.00025471
0.00028575
0.00029502
0.00033074
0.00035027
0.00038197
0.00040499
0.00041698
0.00044202
0.00047203
0.0004962
0.00052711
0.00052839
0.00056737
0.0005729
0.00063928
0.00068086
0.00069485
0.00068877
0.00073876
0.00074674
