2.62e-06
3.199e-05
6.244e-05
9.037e-05
0.00012026
0.00014707
0.00017632
0.00020726
0.00023567
0.00026403
0.000293
0.00032358
0.00035089
0.00037713
0.00041129
0.00048784
0.0004677
0.00049723
0.00052445
0.0005585
0.00058303
0.0006117
0.00064016
0.00067111
0.00069889
0.00078459
0.00076498
0.00078672
0.00081502
0.00084563
0.00086681
0.00090402
0.00095043
0.00095888
0.00099111
0.00102227
0.0010484
0.00108397
0.00110838
0.0011321
0.00116979
0.00119896
0.00122227
0.00125125
0.00128031
0.00131362
0.00134456
0.00135997
0.00138836
0.00143413
0.00151679
0.00148336
0.00152299
0.00170821
0.00157013
0.00160475
0.00163755
0.00166009
0.00168394
0.00170974
0.00175037
0.00182926
0.0018037
0.00183068
0.00191327
0.00189072
0.00191724
0.00195905
0.00197335
0.00200107
0.0021956
0.00206479
0.00212146
0.00214765
0.00215053
0.00217827
0.00221462
0.00235745
0.00226797
0.0023034
0.00232327
0.00235218
0.00238156
0.00241199
0.00252454
0.00245933
0.00250021
0.00252579
0.00260501
0.00259232
0.00261963
0.00264867
0.0026888
0.00272665
0.00273809
0.00276168
0.00279322
0.00282315
0.00285198
0.00287182
0.00290923
0.00293015
0.00298313
0.00305562
0.003022
0.0031131
0.00325825
0.0032904
0.0032103
0.003253
0.00327003
0.0032234
0.00329894
0.00328444
0.00331982
0.00334428
0.00336848
0.00340692
0.00342946
0.00358146
0.00349886
0.00351115
0.0035462
0.00357526
0.00362604
0.00364389
0.00366593
0.00368516
0.00377763
0.00375777
0.00380188
0.00384937
0.00383993
0.00386872
0.00390261
0.00393321
0.00406995
0.00404224
0.00406191
0.00405446
0.00407214
0.00409688
0.0041233
0.00420802
0.0041846
0.00428587
0.00424522
0.00428202
0.00431835
0.00450829
0.00455881
0.00439708
0.00441981
0.00444435
0.00449132
0.00449841
0.00453752
0.00456964
0.00458285
0.00462198
0.00470764
0.00467155
0.00476485
0.00483245
0.00477786
0.00478099
0.00483221
0.00483202
0.00495979
0.00490031
0.00495748
0.00500628
0.0050109
0.00503928
0.0050521
0.0050983
0.00517796
0.00526158
0.00519708
0.00528672
0.00523031
0.00525481
0.00528389
0.00532156
0.00538765
0.00543809
0.00543971
0.00551819
0.00581271
0.0056785
0.00561916
0.00555099
0.00558643
0.00560109
0.00596347
0.00567016
0.00577477
0.00576328
0.00576294
0.00580625
0.00583242
0.00587883
0.00589247
0.00593015
0.00596011
0.00597721
0.00601182
0.00612141
0.00613425
0.00619079
0.00620215
0.00618495
0.00620218
0.00622034
0.00624766
0.00631179
0.00673894
0.00679785
0.00660242
0.00647644
0.00654266
0.00660007
0.00654561
0.00659031
0.00658045
0.00672859
0.00670416
0.00665998
0.00677171
0.00670545
0.00688798
0.00677698
0.00683418
0.00716975
0.00685856
0.00693876
0.00694563
0.00700724
0.00708359
0.00708995
0.00703762
0.0071274
0.00711906
0.0071173
0.0072034
0.00716251
0.00729447
0.00734069
0.00723586
0.00726327
0.00729368
0.00738714
0.00735069
0.00738186
0.00743729
0.00744667
0.00750517
0.00753285
0.00755104
0.00763573
0.00770818
0.0078559
0.00774687
0.0079224
0.00787117
0.00774257
0.00778263
0.00792794
0.00783868
0.00785892
0.00799823
0.00795033
0.00802372
0.00797753
0.00805532
0.00810006
0.00810681
0.00808702
0.00817597
0.00833289
0.00841485
0.00819933
0.00823202
0.0082621
0.00831755
0.00840013
0.00837228
0.00837346
0.0084077
0.00842765
0.00848255
0.00852032
0.00858168
0.00855453
0.00862443
0.00865782
0.00866687
0.00870459
0.00877835
0.00872245
0.00874604
0.00887653
0.00881289
0.00890928
0.00886367
0.00890503
0.0090293
0.00892315
0.00895061
0.00897293
0.00901794
0.00906929
0.00907112
0.00923996
0.00914599
0.00918274
0.00923484
0.00936765
0.0092747
0.00930564
0.00937095
0.00937376
0.00942488
0.00979837
0.00958375
0.00957617
0.00994879
0.00956993
0.00970958
0.00977372
0.00982977
0.00965542
0.00967904
0.00985655
0.00991728
0.0099494
0.00996985
0.00989267
0.00999713
0.0101606
0.0100814
0.010096
0.0101357
0.0101197
0.0101097
0.0101458
0.0101059
0.0102509
0.0101963
0.0102509
0.01024
0.0102656
0.0104563
0.0103231
0.0104724
0.0103799
0.0105146
0.0104672
0.010642
0.0105668
0.0105849
0.0107684
0.0108278
0.0108373
0.0107566
0.0108568
0.0107315
0.0107827
0.0108207
0.0108123
0.0108167
0.0108587
0.0108604
0.0108959
0.0108949
0.0109799
0.011093
0.011119
0.0112892
0.0113998
0.0111158
0.0112314
0.0112809
0.011303
0.0112712
0.0115206
0.011425
0.0113047
0.0113006
0.0114578
0.0113897
0.0114825
0.0115743
0.0115493
0.0116495
0.0116155
0.0117142
0.0116168
0.011668
0.0118225
0.0117403
0.0118466
0.0117688
0.0120567
0.0119079
0.0119899
0.0118956
0.0119938
0.0119919
0.01193
0.0119953
0.0120763
0.0121431
0.0121372
0.012186
0.0122256
0.0122114
0.0122679
0.0125104
0.0125464
0.0122409
0.0124238
0.0123496
0.0125351
0.012545
0.0124275
0.0125579
0.0125297
0.0127936
0.0125418
0.0125767
0.0126244
0.0129428
0.0126958
0.0127982
0.0127318
0.0128623
0.0128501
0.0128171
0.0128653
0.0130052
0.0130436
0.0129728
0.0129696
0.0130321
0.0129956
0.0130522
0.0130362
0.0134206
0.0131978
0.0132751
0.0132956
0.0132672
0.0135336
0.0133052
0.0134373
0.0133794
0.0133596
0.0137395
0.0134158
0.013688
0.0137072
0.0136243
0.0136975
0.013557
0.0135084
0.0136124
0.0138377
0.0137058
0.0140268
0.0136817
0.0137055
0.0137932
0.0138272
0.0139107
0.0139749
0.01406
0.0139977
0.0142371
0.0142631
0.0139946
0.0141174
0.0141069
0.0142738
0.0141033
0.0141794
0.0142907
0.0141974
0.0142531
0.0142881
0.0142668
0.0142821
0.014423
0.0144623
0.0143475
0.0143941
0.0144525
0.0146591
0.0146217
0.0150196
0.0146538
0.0145749
0.0150296
0.0146534
0.0146932
0.0146569
0.0147872
0.0147999
0.0149449
0.014778
0.0148858
0.014878
0.014974
0.0151217
0.0154024
0.015088
0.0151542
0.0156263
0.0155857
0.0151825
0.0151604
0.0152178
0.0152046
0.0153539
0.0152285
0.0155076
0.0154304
0.015629
0.0157205
0.0154579
0.0156062
0.0158346
0.0155145
0.0155108
0.0157333
0.0156197
0.0156813
0.0157781
0.0159
0.015743
0.0158617
0.0159127
0.0158381
0.0157904
0.0163276
0.0158347
0.0159111
0.0161235
0.0159804
0.0160975
0.0164343
0.0161548
0.0163063
0.0160693
0.0162739
0.0162912
0.0162408
0.0165587
0.016464
0.016447
0.0166447
0.0166328
0.0163558
0.016338
0.0165268
0.0166301
0.0165484
0.0168266
0.0167636
0.0165357
0.0168992
0.0165795
0.0168095
0.0167441
0.0166781
0.0166921
0.0168719
0.016813
0.0170414
0.016977
0.0169776
0.016906
0.0169071
0.0171764
0.0174277
0.0176819
0.0171124
0.0171266
0.0173115
0.0173653
0.0175229
0.0176629
0.0173989
0.0175119
0.0176284
0.0174707
0.0177091
0.0176039
0.0174777
0.0174856
0.0177048
0.0175641
0.0176115
0.0179519
0.0176643
0.017681
0.0177421
0.0176354
0.018197
0.0177756
0.0179345
0.0177654
0.017827
0.0179507
0.0179919
0.0180342
0.0179539
0.0181191
0.0181487
0.0180334
0.0184844
0.018263
0.0182879
0.0183794
0.018263
0.0186892
0.0183227
0.0190834
0.0185159
0.0183878
0.0184302
0.0185017
0.0185307
0.0185223
0.018517
0.018501
0.0185413
0.0187153
0.0188086
0.0185745
0.0186784
0.0187616
0.0187127
0.0188281
0.0191031
0.0188583
0.0190705
0.0191338
0.0190016
0.0190524
0.0195384
0.0190037
0.0192558
0.0189965
0.0192047
0.019301
0.0193489
0.0196603
0.0198403
0.0196094
0.019248
0.0194186
0.0193737
0.0193921
0.0197179
0.019339
0.0195689
0.0195661
0.0197288
0.0195897
0.0194896
0.0196142
0.0200819
0.0196868
0.0201346
0.0205248
0.0198641
0.0198634
0.0198338
0.0200325
0.0199247
0.0200198
0.0198788
0.0199004
0.0201996
0.0202792
0.0200138
0.0201383
0.020191
0.0200808
0.020307
0.0203072
0.0205939
0.0201888
0.0202069
0.0203347
0.0206895
0.0203867
0.0205284
0.0204095
0.0205249
0.0206258
0.020421
0.0206318
0.0206582
0.0205206
0.0208201
0.0208011
0.0205929
0.021031
0.0212397
0.0206713
0.0207639
0.0211322
0.0209314
0.0207955
0.0209453
0.0210663
0.0208965
0.0209774
0.0209557
0.0209829
0.0212159
0.0213851
0.021332
0.021192
0.0211946
0.021366
0.0212487
0.0213614
0.0212144
0.0213457
0.0214081
0.0213588
0.0216233
0.0214525
0.0214974
0.0214817
0.0215302
0.0215777
0.0216837
0.0216132
0.0216763
0.02172
0.0217455
0.0218582
0.0220432
0.0222452
0.021956
0.0218433
0.021851
0.0226316
0.0225287
0.021919
0.0222869
0.0221988
0.0220055
0.0221658
0.0220464
0.0221827
0.0222924
0.0225031
0.0222247
0.0222013
0.0223906
0.0229969
0.0228098
0.022586
0.0225677
0.0225417
0.0225135
0.022923
0.0225621
0.0226138
0.0224979
0.0225241
0.0229473
0.0227646
0.0226114
0.0229087
0.0229854
0.02288
0.0231664
0.0228741
0.0232035
0.0232976
0.0231794
0.0229801
0.0231201
0.0230485
0.023053
0.0231266
0.0231428
0.0230302
0.0236314
0.0231956
0.0236157
0.0236045
0.0234493
0.0232839
0.0236096
0.0237145
0.0234673
0.023557
0.0235192
0.023709
0.0241437
0.0237778
0.0237197
0.0237214
0.0239437
0.0242095
0.0238533
0.0240654
0.0238955
0.0241967
0.0238022
0.0237374
0.0242412
0.0239944
0.0241026
0.0244052
0.0239096
0.0244715
0.0242384
0.0241957
0.024341
0.0247351
0.0242286
0.024251
0.0242172
0.0242505
0.0244731
0.0248065
0.0245565
0.0245212
0.0247279
0.0244746
0.0244638
0.0248298
0.0247425
0.0248779
0.0249846
0.0246096
0.0248492
0.0247233
0.0249028
0.0250621
0.0251292
0.0247703
0.0248301
0.0251154
0.0251453
0.025356
0.0254207
0.0251688
0.025138
0.0250236
0.0251897
0.0252383
0.025263
0.0255253
0.0257004
0.0253643
0.0256539
0.0256941
0.0254859
0.0254982
0.0255344
0.0256854
0.0257818
0.0255099
0.0256286
0.0257
0.0257167
0.0258155
0.0256515
0.0263061
0.0261358
0.0260516
0.0258128
0.0262031
0.0258516
0.0259439
0.0258776
0.0257979
0.0260128
0.0260445
0.0264411
0.0259774
0.0263301
0.026176
0.0262787
0.0264403
0.0261997
0.0262172
0.0264476
0.0265227
0.026198
0.0266862
0.0263573
0.026385
0.0266165
0.0272346
0.026834
0.026488
0.026689
0.0267237
0.0268602
0.026732
0.0267079
0.0267682
0.0266104
0.0266169
0.0267607
0.0269847
0.027021
0.0271728
0.027009
0.0270848
0.0277225
0.0272302
0.0270424
0.0269911
0.0270694
0.0273158
0.0273671
0.0272868
0.0276203
0.0277227
0.0273224
0.0284006
0.0272919
0.0275189
0.027388
0.0277661
0.0281236
0.0276901
0.0276256
0.0275165
0.0276451
0.0278801
0.0280243
0.0277172
0.0275893
0.0279071
0.0284393
0.0285101
0.0284698
0.0278887
0.0282828
0.028367
0.0279999
0.0279537
0.0280352
0.0278929
0.0281229
0.0281892
0.0282522
0.0280721
0.0286218
0.0282564
0.0281739
0.028178
0.0283614
0.0281418
0.0285332
0.0284168
0.0284096
0.0288583
0.0288276
0.0287385
0.0285802
0.0285223
0.0288954
0.0292652
0.0287885
0.0285692
0.028928
0.0285897
0.0288354
0.0286422
0.0286025
0.0287049
0.0291744
0.0288764
0.0289253
0.029239
0.0290594
0.0291437
0.0291385
0.028985
0.029092
0.0292874
0.0291815
0.029146
0.0295993
0.0293798
0.0294856
0.0297536
