2.52e-06
3.189e-05
6.164e-05
9.057e-05
0.00016868
0.00015116
0.00017817
0.00020587
0.00023567
0.00026775
0.0002966
0.00032302
0.00035167
0.00038295
0.0004129
0.00044038
0.0004667
0.0005136
0.00053395
0.00057085
0.00059033
0.00063808
0.00066032
0.0006907
0.00074026
0.0007644
0.0007677
0.00080259
0.00082436
0.00085946
0.00088306
0.00098744
0.00104938
0.00103903
0.00102255
0.00105474
0.00107736
0.00123387
0.00113456
0.00120102
0.00119993
0.00122734
0.00122279
0.00125993
0.00130713
0.00133018
0.00135231
0.00138101
0.00140656
0.00143281
0.0015126
0.00148663
0.0015305
0.00156095
0.00158577
0.00160806
0.00163907
0.00168783
0.0017045
0.0017438
0.00179596
0.00181034
0.00183436
0.00193216
0.00187555
0.00191005
0.00193337
0.0019655
0.00199099
0.00201895
0.00204955
0.00207968
0.00210183
0.00213382
0.00216879
0.00221141
0.00224003
0.00227057
0.00229878
0.00238815
0.00233836
0.002366
0.00241436
0.00242681
0.00246401
0.00250903
0.00254792
0.00254424
0.0025773
0.00260685
0.00261913
0.0026664
0.00269624
0.00271541
0.0027536
0.00277671
0.00289287
0.00291647
0.00287399
0.0029286
