2.97e-06
3.609e-05
6.932e-05
0.00010213
0.00013473
0.00016517
0.00020121
0.00023288
0.00026616
0.00029677
0.00033093
0.00036313
0.00039722
0.00042646
0.00046139
0.00049938
0.00053094
0.0005776
0.00059895
0.00063208
0.00065446
0.00072189
0.00075165
0.0007788
0.0007988
0.00084573
0.00085843
0.0009026
0.00092703
0.00096557
0.00099154
0.00110468
0.00118603
0.00114203
0.00115581
0.00119338
0.00120138
0.00126091
0.00128055
0.00135711
0.00135398
0.00137019
0.00138225
0.0014107
0.00147716
0.00149154
0.00150687
0.00153947
0.00157349
0.00160997
0.00168957
0.00168003
0.00171191
0.00179845
0.00176326
0.00180971
0.0018504
0.00189485
0.00211499
0.00194455
0.00199023
0.00203213
0.00205276
0.00210341
0.00211001
0.00214952
0.00234678
0.00219886
0.00223317
0.00258192
0.00229556
0.00232338
0.00237155
0.00239643
0.00243343
0.0025822
0.00249286
0.00252199
0.00258027
0.00259738
0.00262279
0.00265729
0.00271395
0.00273196
0.00276408
0.00282155
0.00286152
0.00286052
0.00289672
0.00292309
0.00295838
0.00303951
0.00320674
0.00305978
0.00307643
0.00311914
0.00328699
0.00327603
0.00321938
0.00329226
