3.08e-06
3.517e-05
6.927e-05
0.00010115
0.0001343
0.00016703
0.00019797
0.00022781
0.00026499
0.00029572
0.0003301
0.00036323
0.00039308
0.00042555
0.00045752
0.00049046
0.00052211
0.00055501
0.00058948
0.00062088
0.00065127
0.00068391
0.00071975
0.000754
0.00078682
0.00081607
0.0008451
0.00088361
0.00091678
0.00094413
0.00098947
0.00101137
0.00104287
0.00107415
0.00111209
0.00113521
0.00118142
0.00120403
0.00123719
0.00133701
0.00133002
0.00135519
0.00143634
0.00140293
0.00143405
0.00146517
0.00150822
0.00152991
0.00156861
0.00159279
0.00163599
0.00166738
0.00175712
0.00181183
0.00183875
0.00179084
0.00182369
0.00184684
0.00189015
0.00192213
0.00194963
0.00201693
0.00202135
0.00205364
0.00208235
0.00211526
0.00214719
0.00218359
0.00221672
0.00227098
0.00228565
0.00234011
0.00252807
0.00260076
0.00241728
0.00247228
0.00246962
0.00251353
0.00254345
0.00257278
0.00261009
0.00264359
0.00269059
0.00279724
0.00278401
0.00282439
0.00281239
0.00283544
0.00285838
0.00301318
0.00292889
0.0029628
0.00298938
0.00309389
0.00305316
0.00310407
0.00312158
0.00315651
0.00318189
0.00323234
0.0032517
0.00331396
0.00331941
0.00334691
0.00338845
0.0035935
0.00348415
0.00347525
0.00351476
0.00355299
0.00386179
0.00360706
0.00364463
0.00367609
0.00370458
0.00374038
0.0038424
0.00380565
0.00383971
0.00393381
0.0039669
0.00394372
0.00399143
0.00399989
0.00410315
0.0040572
0.00417593
0.0041513
0.00420481
0.00419422
0.00423547
0.00424758
0.00432443
0.00445998
0.0045249
0.0044007
0.00456548
0.00448086
0.0044973
0.00452072
0.00461769
0.00465703
0.00463582
0.00468023
0.00471039
0.00472939
0.00475516
0.00478347
0.00480985
0.00490191
0.00498943
0.00490753
0.00507283
0.00503827
0.00502103
0.00511109
0.0050808
0.0053865
0.00514372
0.00516371
0.00521182
0.00532999
0.00528573
0.0053013
0.00544324
0.0054417
0.00550196
0.00544684
0.00550368
0.0056051
0.00558266
0.00573693
0.00563842
0.0056771
0.00574156
0.00568595
0.00583614
0.00584177
0.00578848
0.00583081
0.00585322
0.00593873
0.0061855
0.00604232
0.00599139
0.0060219
0.00605032
0.00616329
0.00618295
0.00629148
0.00635296
0.00621107
0.00627901
0.00634845
0.00638458
0.00652581
0.00650447
0.00657167
0.00654602
0.00657412
0.00665571
0.00663356
0.00667484
0.00670269
0.00678423
0.00681302
0.0068214
0.00702788
0.00690239
0.00688756
0.00691527
0.0069648
0.00699595
0.00701879
0.0072121
0.00712788
0.00781471
0.00779119
0.00744585
0.0072747
0.00741329
0.00747249
0.00748005
0.00744941
0.00746692
0.00754517
0.00754305
0.00758436
0.00756055
0.0076495
0.0078158
0.00770382
0.0076951
0.00779185
0.0077618
0.00779141
0.00788514
0.00783834
0.0081378
0.0080635
0.00795911
0.00795438
0.00797829
0.0080988
0.00804539
0.00809527
0.00817946
0.00819768
0.00823292
0.00828262
0.00830579
0.00828806
0.00843489
0.0083368
0.00840643
0.00840329
0.00850199
0.00859053
0.0085577
0.00856893
0.00869275
0.00864811
0.00903484
0.00883553
0.00895115
0.00879573
0.00878158
0.00883133
0.0088716
0.00891605
0.00899057
0.00904838
0.00899217
0.00911832
0.00902919
0.00910071
0.00910384
0.00918543
0.00957888
0.00920602
0.00924581
0.00938498
0.00932254
0.00936426
0.00936154
0.00940935
0.0094725
0.00951454
0.00952144
0.00972042
0.00957995
0.0095786
0.00962357
0.00967027
0.00972648
0.00979635
0.00982842
0.00989944
0.00983719
0.00988158
0.0100041
0.00993331
0.0100402
0.00999417
0.0101607
0.0101276
0.0101159
0.0100101
0.0100875
0.0101252
0.010132
0.0101665
0.0102104
0.0104034
0.0102912
0.0102925
0.0104261
0.0104596
0.0105501
0.0105601
0.0106402
0.0106903
0.0108223
0.0111905
0.0109139
0.0108717
0.0109058
0.0108345
0.0108826
0.0109684
0.0110192
0.0110238
0.0108482
0.0111019
0.0111265
0.0111065
0.0111962
0.0111364
0.0112115
0.0112269
0.0113228
0.0112847
0.0114202
0.0113997
0.0114088
0.0113649
0.0114281
0.0114135
0.0116312
0.0115166
0.011546
0.0117293
0.0115476
0.0116614
0.0117337
0.0116933
0.0117024
0.011662
0.0119458
0.0117955
0.0118524
0.0120488
0.012051
0.0123236
0.0120343
0.0120106
0.0119787
0.0120979
0.0121307
0.0122493
0.0121119
0.012313
0.012188
0.0122504
0.0123947
0.0124
0.0124092
0.012633
0.0125443
0.0126707
0.0125643
0.0126193
0.0127664
0.0126314
0.0127613
0.0128614
0.012794
0.012672
0.0127032
0.0127815
0.0127851
0.0129151
0.0128508
0.0129733
0.0130357
0.0129631
0.0131739
0.0131131
0.013157
0.0132448
0.0131227
0.0133824
0.0133673
0.0133648
0.0133114
0.0134683
0.0134017
0.0133889
0.0136301
0.0133725
0.0135093
0.0135258
0.01357
0.0135346
0.0136519
0.0137329
0.0137325
0.0139288
0.0139346
0.0137479
0.0138323
0.0140332
0.0139143
0.0139421
0.0140191
0.0139942
0.0140795
0.0139702
0.0141317
0.014199
0.0142267
0.0144915
0.0142401
0.0143049
0.0142985
0.0143305
0.0144255
0.0144115
0.0145678
0.0144129
0.0145641
0.0146661
0.0145386
0.0147272
0.0147179
0.0148248
0.014618
0.014671
0.0149286
0.0151212
0.0148091
0.0151034
0.0149311
0.014973
0.0149476
0.0150804
0.0150179
0.0149711
0.0151233
0.0151523
0.0154864
0.015668
0.0153577
0.0153242
0.0152541
0.0154264
0.0151885
0.0156002
0.0156261
0.0155457
0.0153818
0.015396
0.0155876
0.0155264
0.0155103
0.015492
0.0157911
0.0155995
0.0157796
0.0158793
0.0156765
0.0158486
0.0159006
0.0158548
0.0160567
0.0158409
0.0160568
0.0161113
0.0160471
0.0160335
0.0160093
0.0160351
0.0161132
0.0162032
0.0163162
0.0161884
0.0163287
0.016267
0.0164678
0.0166678
0.0164369
0.0164674
0.0164982
0.0164327
0.0167041
0.0166658
0.0165012
0.0167223
0.0168269
0.0166673
0.0168012
0.01715
0.0167904
0.016884
0.0170706
0.0169332
0.0169072
0.0171552
0.0170625
0.0168973
0.0169634
0.0170062
0.0170802
0.0174327
0.0171962
0.0172848
0.0172441
0.0173956
0.0177579
0.0171968
0.0172699
0.0174873
0.0173773
0.0174133
0.0175301
0.0176431
0.0175793
0.0176571
0.0177163
0.0177686
0.0176873
0.0179905
0.0177689
0.0177273
0.0180219
0.01773
0.0179306
0.0181241
0.017943
0.0181243
0.0183634
0.0179438
0.0185229
0.0182156
0.0181091
0.018139
0.0182959
0.0185847
0.0186954
0.0184249
0.0186434
0.0186092
0.0183048
0.0184816
0.0184372
0.0186247
0.0184515
0.0187027
0.0186009
0.0186568
0.018856
0.0186091
0.0186447
0.0188886
0.0188728
0.0188795
0.0189809
0.0189281
0.0190808
0.0190753
0.0191283
0.0190631
0.0190253
0.019123
0.0194607
0.0195084
0.0192098
0.0193614
0.0193369
0.0193484
0.0195464
0.0203004
0.0199805
0.0197018
0.0199632
0.0196788
0.0200049
0.0200137
0.0198531
0.0198167
0.0198638
0.019598
0.0196836
0.0202327
0.0197457
0.0196969
0.0197596
0.0198388
0.0202725
0.0201064
0.0199532
0.0200427
0.0199254
0.0204146
0.0202699
0.0202801
0.0201347
0.0203089
0.0202191
0.020292
0.0203542
0.020211
0.0203683
0.0207384
0.0206015
0.0210661
0.0205572
0.0215042
0.0208358
0.0207953
0.0206867
0.0208337
0.0207753
0.0208109
0.0211388
0.0208014
0.0208879
0.0211614
0.0210413
0.020984
0.0209243
0.0210422
0.0209644
0.0210009
0.0212217
0.0212165
0.0210887
0.0212826
0.0212511
0.0214107
0.0219702
0.0213423
0.0213942
0.0214608
0.0214443
0.0216318
0.0221834
0.0220923
0.0223938
0.0221542
0.0216345
0.0218051
0.0217756
0.0221293
0.0218906
0.0218384
0.0219191
0.0219818
0.0219662
0.0219713
0.0221722
0.0222355
0.0223162
0.0225127
0.0224184
0.0227566
0.0223999
0.0221513
0.0223658
0.0224509
0.0227941
0.0225736
0.0222516
0.0223263
0.0224235
0.0226859
0.0226579
0.0226019
0.0225586
0.0225264
0.022744
0.0226645
0.0228508
0.0226648
0.0227753
0.0228554
0.0231048
0.0228812
0.0231654
0.0228257
0.0229926
0.0231131
0.0232714
0.0231234
0.0229858
0.0231227
0.0232313
0.0231731
0.0232406
0.0234966
0.0234995
0.0234371
0.023292
0.0239897
0.0232295
0.0233826
0.0233055
0.023856
0.0235957
0.0236512
0.0235251
0.0236533
0.0239329
0.0239043
0.0235971
0.0236845
0.0237764
0.0237263
0.0238285
0.0239753
0.0238963
0.0242262
0.0238879
0.0239196
0.0241582
0.0241542
0.024233
0.0242541
0.0244367
0.0242201
0.0241887
0.0241563
0.0245138
0.0245749
0.0244597
0.0246957
0.024622
0.0249237
0.0247851
0.024524
0.0245553
0.0253915
0.0255069
0.0248121
0.0246648
0.0250899
0.024926
0.024981
0.0247226
0.0249564
0.0247681
0.024858
0.0252798
0.0249133
0.0249739
0.0254761
0.0252389
0.02523
0.0252835
0.0251597
0.0253606
0.0255977
0.0252249
0.0256773
0.0253137
0.0252946
0.0257599
0.0257052
0.0257923
0.0258794
0.025427
0.0258668
0.0258551
0.0255157
0.0256327
0.0260347
0.0262644
0.025728
0.0260691
0.0261993
0.0258085
0.0258631
0.0258706
0.0260088
0.0261652
0.025997
0.0265154
0.0263626
0.0261854
0.0261902
0.0264085
0.0262801
0.0262949
0.0265864
0.026242
0.0268389
0.0271335
0.0266774
0.0264792
0.0265855
0.0268979
0.0270423
0.0267988
0.0268079
0.0267607
0.026763
0.0267759
0.026797
0.02766
0.0270418
0.0272532
0.0272706
0.02698
0.0274926
0.0271328
0.0271345
0.0271282
0.0276196
0.027374
0.0272437
0.027166
0.0271502
0.0272492
0.0276227
0.0274044
0.0274913
0.0274987
0.027773
0.0274892
0.0275674
0.027685
0.0281997
0.0280779
0.0277791
0.0277037
0.0278685
0.0279585
0.0282824
0.0279308
0.0278535
0.0278934
0.0278051
0.0283036
0.0287601
0.0286632
0.0282307
0.0282619
0.0283568
0.0282742
0.0283294
0.0282863
0.0287682
0.0290171
0.0288101
0.0288594
0.0291095
0.0285051
0.0285301
0.0289619
0.0290234
0.0290526
0.0291261
0.0292486
0.0289639
0.0289116
0.028853
0.0288711
0.0291473
0.0295957
0.0289338
0.0291293
0.0295165
0.0290513
0.0291011
0.0289827
0.0292268
0.0291936
0.0294014
0.0296656
0.0293126
0.0294956
0.0295086
0.0298032
0.0304013
0.0293285
0.0293594
0.0296958
0.030051
0.029482
0.0300336
0.0298879
0.0298087
0.0301055
0.030491
0.0298851
0.0297706
0.0299921
0.0299373
0.0300531
0.0303042
0.0300402
0.0303155
0.0300781
0.0299657
0.030066
0.0303198
0.0302482
0.0304269
0.030374
0.0304512
0.0306943
0.0307183
0.030439
0.0302142
0.0306771
0.0304901
0.0305998
0.0305009
0.0307034
0.0311886
0.0306614
0.031552
0.030702
0.0307544
0.031047
0.0313614
0.0310078
0.030915
0.0309612
0.0310041
0.0311142
0.0310997
0.0314495
0.0311825
0.0312122
0.0311867
0.0320356
0.0316601
0.0317394
0.0315453
0.0318555
0.0318887
0.0312681
0.0314125
0.0315828
0.0314206
0.0313727
0.0315493
0.032063
0.0315554
0.0321221
0.0316177
0.0315521
0.0321084
0.0317587
0.0316013
0.0318427
0.0320078
0.0318683
0.0322487
0.0320911
0.0322152
0.0321504
0.0320403
0.0328586
0.0330144
0.0322017
0.032319
0.0328327
0.0322269
0.0325015
0.032401
0.0323015
0.032443
0.0323689
0.0325337
0.032664
0.0328031
0.0330697
0.0327372
0.0326951
0.0327026
0.0325856
0.0327728
0.0326203
0.0327285
0.0331147
0.0328794
0.0332937
0.0330802
